; Name : DAK 12 Ethanol 10 deg.C 2024-Nov-15 11:21:23
; Date : 2024-Nov-15 11:21:23
; Temperature(C) : 10
; Probe : DAK 12
; Network Analyzer : Hewlett Packard / Agilent Technologies 87XX
; Originally imported from : 
; Notes : 
;
; MHz  ReflR  ReflI  EpsR  EpsI  Sigma  TanD
;
   50	0.9891	-0.0639	31.5188	4.4378	0.0123	0.1408
   60	0.9837	-0.0731	30.8558	5.6062	0.0187	0.1817
   70	0.9849	-0.0835	30.1568	6.5288	0.0254	0.2165
   80	0.9744	-0.0932	29.4601	7.3402	0.0327	0.2492
   90	0.9690	-0.1031	28.7596	7.9602	0.0399	0.2768
  100	0.9613	-0.1130	28.0816	8.5929	0.0478	0.3060
  110	0.9526	-0.1193	27.4063	9.1702	0.0561	0.3346
  120	0.9448	-0.1245	26.7466	9.7367	0.0650	0.3640
  130	0.9370	-0.1318	26.0797	10.3220	0.0746	0.3958
  140	0.9304	-0.1382	25.3924	10.9071	0.0849	0.4295
  150	0.9220	-0.1429	24.7316	11.4730	0.0957	0.4639
  160	0.9129	-0.1481	24.1102	12.0005	0.1068	0.4977
  170	0.9079	-0.1508	23.4875	12.4687	0.1179	0.5309
  180	0.8980	-0.1541	22.8511	12.8913	0.1291	0.5641
  190	0.8922	-0.1541	22.1804	13.1844	0.1394	0.5944
  200	0.8850	-0.1582	21.4730	13.4568	0.1497	0.6267
  210	0.8794	-0.1621	20.7633	13.6542	0.1595	0.6576
  220	0.8712	-0.1635	20.1003	13.7897	0.1688	0.6860
  230	0.8631	-0.1628	19.4721	13.9245	0.1782	0.7151
  240	0.8584	-0.1639	18.8714	14.0050	0.1870	0.7421
  250	0.8519	-0.1644	18.2872	14.0671	0.1956	0.7692
  260	0.8478	-0.1655	17.6879	14.1016	0.2040	0.7972
  270	0.8426	-0.1670	17.1086	14.1078	0.2119	0.8246
  280	0.8379	-0.1665	16.5803	14.0967	0.2196	0.8502
  290	0.8338	-0.1655	16.0709	14.0617	0.2269	0.8750
  300	0.8300	-0.1653	15.5829	14.0274	0.2341	0.9002
  310	0.8254	-0.1644	15.1235	13.9758	0.2410	0.9241
  320	0.8215	-0.1642	14.6650	13.9038	0.2475	0.9481
  330	0.8169	-0.1641	14.2339	13.8333	0.2540	0.9719
  340	0.8136	-0.1649	13.8118	13.7346	0.2598	0.9944
  350	0.8087	-0.1660	13.4409	13.6208	0.2652	1.0134
  360	0.8062	-0.1643	13.0849	13.4996	0.2704	1.0317
  370	0.8024	-0.1636	12.7331	13.3744	0.2753	1.0504
  380	0.8004	-0.1630	12.3832	13.2389	0.2799	1.0691
  390	0.7975	-0.1634	12.0537	13.0828	0.2838	1.0854
  400	0.7949	-0.1638	11.7363	12.9205	0.2875	1.1009
  410	0.7936	-0.1635	11.4358	12.7505	0.2908	1.1150
  420	0.7926	-0.1619	11.1509	12.5858	0.2941	1.1287
  430	0.7904	-0.1612	10.8592	12.4254	0.2972	1.1442
  440	0.7900	-0.1602	10.5764	12.2662	0.3002	1.1598
  450	0.7876	-0.1596	10.3099	12.1143	0.3033	1.1750
  460	0.7859	-0.1604	10.0578	11.9710	0.3063	1.1902
  470	0.7837	-0.1595	9.8238	11.8364	0.3095	1.2049
  480	0.7810	-0.1589	9.6072	11.7098	0.3127	1.2189
  490	0.7789	-0.1584	9.4024	11.5914	0.3160	1.2328
  500	0.7774	-0.1583	9.2084	11.4862	0.3195	1.2474
  510	0.7742	-0.1581	9.0145	11.3765	0.3228	1.2620
  520	0.7725	-0.1592	8.8369	11.2722	0.3261	1.2756
  530	0.7703	-0.1584	8.6741	11.1637	0.3292	1.2870
  540	0.7687	-0.1584	8.5227	11.0557	0.3321	1.2972
  550	0.7683	-0.1575	8.3808	10.9430	0.3348	1.3057
  560	0.7671	-0.1577	8.2409	10.8178	0.3370	1.3127
  570	0.7654	-0.1594	8.1002	10.6861	0.3389	1.3192
  580	0.7640	-0.1578	7.9673	10.5484	0.3404	1.3240
  590	0.7634	-0.1576	7.8370	10.3992	0.3413	1.3269
  600	0.7623	-0.1579	7.7143	10.2531	0.3422	1.3291
  610	0.7619	-0.1587	7.5945	10.1044	0.3429	1.3305
  620	0.7611	-0.1594	7.4732	9.9591	0.3435	1.3326
  630	0.7613	-0.1608	7.3533	9.8167	0.3441	1.3350
  640	0.7610	-0.1601	7.2375	9.6729	0.3444	1.3365
  650	0.7595	-0.1600	7.1249	9.5388	0.3449	1.3388
  660	0.7604	-0.1598	7.0193	9.4183	0.3458	1.3418
  670	0.7601	-0.1593	6.9183	9.2998	0.3466	1.3442
  680	0.7597	-0.1602	6.8177	9.1894	0.3476	1.3479
  690	0.7588	-0.1590	6.7213	9.0828	0.3486	1.3513
  700	0.7570	-0.1595	6.6333	8.9798	0.3497	1.3538
  710	0.7563	-0.1601	6.5528	8.8809	0.3508	1.3553
  720	0.7551	-0.1598	6.4754	8.7883	0.3520	1.3572
  730	0.7538	-0.1605	6.3959	8.6975	0.3532	1.3599
  740	0.7540	-0.1612	6.3220	8.6027	0.3541	1.3608
  750	0.7525	-0.1623	6.2560	8.5070	0.3549	1.3598
  760	0.7518	-0.1626	6.1940	8.4110	0.3556	1.3579
  770	0.7508	-0.1638	6.1350	8.3144	0.3562	1.3552
  780	0.7505	-0.1638	6.0774	8.2164	0.3565	1.3520
  790	0.7522	-0.1651	6.0176	8.1186	0.3568	1.3491
  800	0.7520	-0.1646	5.9604	8.0215	0.3570	1.3458
  810	0.7505	-0.1653	5.9023	7.9223	0.3570	1.3422
  820	0.7510	-0.1653	5.8446	7.8261	0.3570	1.3390
  830	0.7505	-0.1655	5.7898	7.7316	0.3570	1.3354
  840	0.7503	-0.1648	5.7346	7.6446	0.3572	1.3331
  850	0.7493	-0.1672	5.6826	7.5618	0.3576	1.3307
  860	0.7494	-0.1684	5.6328	7.4802	0.3579	1.3280
  870	0.7481	-0.1682	5.5847	7.4054	0.3584	1.3260
  880	0.7469	-0.1692	5.5414	7.3315	0.3589	1.3230
  890	0.7472	-0.1693	5.5022	7.2561	0.3593	1.3188
  900	0.7473	-0.1709	5.4649	7.1860	0.3598	1.3149
  910	0.7465	-0.1712	5.4297	7.1181	0.3604	1.3110
  920	0.7461	-0.1719	5.3966	7.0466	0.3607	1.3057
  930	0.7454	-0.1722	5.3631	6.9735	0.3608	1.3003
  940	0.7454	-0.1730	5.3314	6.8987	0.3608	1.2940
  950	0.7449	-0.1742	5.3013	6.8247	0.3607	1.2874
  960	0.7443	-0.1750	5.2731	6.7500	0.3605	1.2801
  970	0.7444	-0.1755	5.2412	6.6730	0.3601	1.2732
  980	0.7450	-0.1768	5.2092	6.6002	0.3598	1.2670
  990	0.7441	-0.1783	5.1775	6.5283	0.3595	1.2609
 1000	0.7442	-0.1783	5.1495	6.4586	0.3593	1.2542
 1010	0.7446	-0.1795	5.1185	6.3905	0.3591	1.2485
 1020	0.7433	-0.1801	5.0867	6.3284	0.3591	1.2441
 1030	0.7433	-0.1807	5.0555	6.2682	0.3592	1.2399
 1040	0.7440	-0.1825	5.0243	6.2130	0.3595	1.2366
 1050	0.7436	-0.1822	4.9954	6.1605	0.3599	1.2332
 1060	0.7417	-0.1828	4.9680	6.1138	0.3605	1.2306
 1070	0.7422	-0.1830	4.9405	6.0691	0.3613	1.2284
 1080	0.7413	-0.1831	4.9176	6.0253	0.3620	1.2253
 1090	0.7395	-0.1830	4.8970	5.9807	0.3627	1.2213
 1100	0.7388	-0.1851	4.8781	5.9387	0.3634	1.2174
 1110	0.7383	-0.1870	4.8612	5.8947	0.3640	1.2126
 1120	0.7382	-0.1878	4.8451	5.8478	0.3644	1.2070
 1130	0.7367	-0.1888	4.8319	5.7976	0.3645	1.1999
 1140	0.7363	-0.1902	4.8188	5.7486	0.3646	1.1929
 1150	0.7359	-0.1912	4.8040	5.6977	0.3645	1.1860
 1160	0.7363	-0.1923	4.7889	5.6478	0.3645	1.1794
 1170	0.7363	-0.1939	4.7755	5.5963	0.3643	1.1719
 1180	0.7372	-0.1944	4.7611	5.5457	0.3640	1.1648
 1190	0.7360	-0.1952	4.7486	5.4948	0.3638	1.1571
 1200	0.7365	-0.1957	4.7312	5.4474	0.3637	1.1514
 1210	0.7354	-0.1973	4.7143	5.4027	0.3637	1.1460
 1220	0.7351	-0.1964	4.6949	5.3577	0.3636	1.1412
 1230	0.7345	-0.1987	4.6763	5.3147	0.3637	1.1365
 1240	0.7347	-0.1998	4.6583	5.2734	0.3638	1.1320
 1250	0.7329	-0.1999	4.6436	5.2329	0.3639	1.1269
 1260	0.7322	-0.2013	4.6296	5.1946	0.3641	1.1220
 1270	0.7317	-0.2021	4.6153	5.1600	0.3646	1.1180
 1280	0.7321	-0.2040	4.6018	5.1261	0.3650	1.1139
 1290	0.7314	-0.2048	4.5908	5.0944	0.3656	1.1097
 1300	0.7313	-0.2059	4.5785	5.0617	0.3661	1.1055
 1310	0.7301	-0.2051	4.5690	5.0275	0.3664	1.1004
 1320	0.7312	-0.2073	4.5598	4.9932	0.3667	1.0950
 1330	0.7298	-0.2073	4.5503	4.9576	0.3668	1.0895
 1340	0.7290	-0.2099	4.5414	4.9205	0.3668	1.0835
 1350	0.7284	-0.2100	4.5334	4.8825	0.3667	1.0770
 1360	0.7272	-0.2115	4.5249	4.8437	0.3665	1.0705
 1370	0.7263	-0.2122	4.5159	4.8040	0.3661	1.0638
 1380	0.7264	-0.2141	4.5095	4.7645	0.3658	1.0565
 1390	0.7271	-0.2151	4.5009	4.7260	0.3655	1.0500
 1400	0.7273	-0.2163	4.4919	4.6908	0.3653	1.0443
 1410	0.7274	-0.2179	4.4824	4.6557	0.3652	1.0387
 1420	0.7265	-0.2190	4.4725	4.6207	0.3650	1.0331
 1430	0.7282	-0.2196	4.4617	4.5860	0.3648	1.0279
 1440	0.7262	-0.2211	4.4508	4.5553	0.3649	1.0235
 1450	0.7264	-0.2206	4.4393	4.5238	0.3649	1.0190
 1460	0.7256	-0.2223	4.4273	4.4952	0.3651	1.0153
 1470	0.7243	-0.2226	4.4185	4.4646	0.3651	1.0104
 1480	0.7229	-0.2234	4.4090	4.4387	0.3655	1.0067
 1490	0.7235	-0.2242	4.4009	4.4109	0.3656	1.0023
 1500	0.7215	-0.2259	4.3913	4.3844	0.3659	0.9984
 1510	0.7220	-0.2260	4.3840	4.3576	0.3661	0.9940
 1520	0.7218	-0.2281	4.3754	4.3312	0.3662	0.9899
 1530	0.7215	-0.2295	4.3678	4.3039	0.3663	0.9854
 1540	0.7215	-0.2308	4.3593	4.2764	0.3664	0.9810
 1550	0.7210	-0.2323	4.3527	4.2478	0.3663	0.9759
 1560	0.7205	-0.2327	4.3474	4.2194	0.3662	0.9706
 1570	0.7205	-0.2343	4.3430	4.1920	0.3661	0.9652
 1580	0.7209	-0.2340	4.3380	4.1627	0.3659	0.9596
 1590	0.7189	-0.2351	4.3344	4.1364	0.3659	0.9543
 1600	0.7195	-0.2362	4.3299	4.1072	0.3656	0.9486
 1610	0.7180	-0.2372	4.3271	4.0788	0.3653	0.9426
 1620	0.7180	-0.2393	4.3221	4.0501	0.3650	0.9371
 1630	0.7162	-0.2403	4.3182	4.0214	0.3647	0.9313
 1640	0.7169	-0.2417	4.3127	3.9913	0.3641	0.9255
 1650	0.7167	-0.2430	4.3066	3.9655	0.3640	0.9208
 1660	0.7173	-0.2457	4.2996	3.9374	0.3636	0.9158
 1670	0.7173	-0.2463	4.2934	3.9107	0.3633	0.9109
 1680	0.7169	-0.2474	4.2871	3.8847	0.3631	0.9061
 1690	0.7165	-0.2472	4.2799	3.8598	0.3629	0.9018
 1700	0.7172	-0.2484	4.2735	3.8351	0.3627	0.8974
 1710	0.7168	-0.2489	4.2657	3.8123	0.3627	0.8937
 1720	0.7155	-0.2499	4.2583	3.7899	0.3626	0.8900
 1730	0.7148	-0.2504	4.2502	3.7672	0.3626	0.8864
 1740	0.7130	-0.2508	4.2431	3.7470	0.3627	0.8831
 1750	0.7129	-0.2526	4.2348	3.7264	0.3628	0.8800
 1760	0.7116	-0.2537	4.2277	3.7090	0.3632	0.8773
 1770	0.7120	-0.2547	4.2222	3.6910	0.3634	0.8742
 1780	0.7112	-0.2571	4.2164	3.6768	0.3641	0.8720
 1790	0.7122	-0.2585	4.2096	3.6614	0.3646	0.8698
 1800	0.7100	-0.2580	4.2049	3.6491	0.3654	0.8678
 1810	0.7102	-0.2598	4.2017	3.6362	0.3661	0.8654
 1820	0.7093	-0.2597	4.1982	3.6237	0.3669	0.8632
 1830	0.7083	-0.2609	4.1948	3.6124	0.3678	0.8612
 1840	0.7070	-0.2607	4.1902	3.5999	0.3685	0.8591
 1850	0.7065	-0.2623	4.1877	3.5860	0.3691	0.8563
 1860	0.7045	-0.2627	4.1861	3.5701	0.3694	0.8528
 1870	0.7026	-0.2638	4.1846	3.5540	0.3697	0.8493
 1880	0.7025	-0.2663	4.1836	3.5358	0.3698	0.8452
 1890	0.7016	-0.2679	4.1835	3.5170	0.3698	0.8407
 1900	0.7019	-0.2688	4.1850	3.4942	0.3693	0.8349
 1910	0.7015	-0.2704	4.1857	3.4717	0.3689	0.8294
 1920	0.7027	-0.2733	4.1859	3.4463	0.3681	0.8233
 1930	0.7022	-0.2747	4.1858	3.4216	0.3674	0.8174
 1940	0.7038	-0.2747	4.1830	3.3968	0.3666	0.8120
 1950	0.7023	-0.2758	4.1784	3.3747	0.3661	0.8077
 1960	0.7022	-0.2769	4.1758	3.3514	0.3654	0.8026
 1970	0.7024	-0.2789	4.1713	3.3308	0.3650	0.7985
 1980	0.7007	-0.2794	4.1657	3.3110	0.3647	0.7948
 1990	0.7005	-0.2792	4.1592	3.2932	0.3646	0.7918
 2000	0.6984	-0.2801	4.1534	3.2770	0.3646	0.7890
 2010	0.6989	-0.2822	4.1465	3.2651	0.3651	0.7874
 2020	0.6980	-0.2820	4.1404	3.2529	0.3655	0.7856
 2030	0.6977	-0.2832	4.1354	3.2413	0.3660	0.7838
 2040	0.6965	-0.2840	4.1306	3.2308	0.3667	0.7822
 2050	0.6969	-0.2864	4.1247	3.2203	0.3673	0.7807
 2060	0.6955	-0.2868	4.1206	3.2086	0.3677	0.7787
 2070	0.6957	-0.2886	4.1168	3.1958	0.3680	0.7763
 2080	0.6946	-0.2889	4.1117	3.1829	0.3683	0.7741
 2090	0.6940	-0.2889	4.1063	3.1690	0.3685	0.7717
 2100	0.6931	-0.2881	4.1042	3.1561	0.3687	0.7690
 2110	0.6919	-0.2909	4.1025	3.1415	0.3688	0.7657
 2120	0.6903	-0.2922	4.1018	3.1270	0.3688	0.7624
 2130	0.6904	-0.2929	4.1012	3.1136	0.3689	0.7592
 2140	0.6901	-0.2947	4.0998	3.1002	0.3691	0.7562
 2150	0.6899	-0.2967	4.0996	3.0866	0.3692	0.7529
 2160	0.6886	-0.2970	4.1013	3.0716	0.3691	0.7490
 2170	0.6894	-0.2987	4.1009	3.0578	0.3691	0.7457
 2180	0.6884	-0.3003	4.1019	3.0437	0.3691	0.7420
 2190	0.6876	-0.3025	4.1036	3.0296	0.3691	0.7383
 2200	0.6865	-0.3027	4.1062	3.0133	0.3688	0.7338
 2210	0.6861	-0.3048	4.1073	2.9980	0.3686	0.7299
 2220	0.6850	-0.3057	4.1080	2.9820	0.3683	0.7259
 2230	0.6850	-0.3063	4.1066	2.9658	0.3679	0.7222
 2240	0.6848	-0.3067	4.1050	2.9489	0.3675	0.7184
 2250	0.6836	-0.3087	4.1033	2.9313	0.3669	0.7144
 2260	0.6838	-0.3101	4.1018	2.9139	0.3664	0.7104
 2270	0.6834	-0.3116	4.0992	2.8951	0.3656	0.7063
 2280	0.6834	-0.3137	4.0959	2.8751	0.3647	0.7020
 2290	0.6832	-0.3140	4.0918	2.8555	0.3638	0.6979
 2300	0.6840	-0.3147	4.0874	2.8371	0.3630	0.6941
 2310	0.6835	-0.3178	4.0808	2.8206	0.3625	0.6912
 2320	0.6841	-0.3174	4.0755	2.8036	0.3618	0.6879
 2330	0.6833	-0.3180	4.0686	2.7895	0.3616	0.6856
 2340	0.6825	-0.3186	4.0617	2.7765	0.3614	0.6836
 2350	0.6825	-0.3202	4.0543	2.7667	0.3617	0.6824
 2360	0.6816	-0.3204	4.0484	2.7584	0.3622	0.6814
 2370	0.6799	-0.3206	4.0420	2.7514	0.3628	0.6807
 2380	0.6795	-0.3204	4.0356	2.7459	0.3636	0.6804
 2390	0.6782	-0.3219	4.0299	2.7416	0.3645	0.6803
 2400	0.6773	-0.3233	4.0259	2.7368	0.3654	0.6798
 2410	0.6754	-0.3223	4.0223	2.7318	0.3663	0.6792
 2420	0.6752	-0.3238	4.0199	2.7281	0.3673	0.6787
 2430	0.6742	-0.3257	4.0190	2.7258	0.3685	0.6782
 2440	0.6737	-0.3262	4.0181	2.7218	0.3695	0.6774
 2450	0.6720	-0.3280	4.0193	2.7174	0.3704	0.6761
 2460	0.6707	-0.3278	4.0215	2.7111	0.3710	0.6741
 2470	0.6695	-0.3310	4.0226	2.7026	0.3714	0.6719
 2480	0.6689	-0.3305	4.0243	2.6934	0.3716	0.6693
 2490	0.6692	-0.3316	4.0253	2.6823	0.3716	0.6664
 2500	0.6676	-0.3325	4.0259	2.6692	0.3712	0.6630
 2510	0.6660	-0.3342	4.0253	2.6555	0.3708	0.6597
 2520	0.6660	-0.3359	4.0245	2.6421	0.3704	0.6565
 2530	0.6647	-0.3374	4.0232	2.6276	0.3698	0.6531
 2540	0.6640	-0.3383	4.0233	2.6136	0.3693	0.6496
 2550	0.6653	-0.3401	4.0232	2.5999	0.3688	0.6462
 2560	0.6667	-0.3418	4.0205	2.5871	0.3685	0.6435
 2570	0.6669	-0.3424	4.0189	2.5734	0.3679	0.6403
 2580	0.6644	-0.3428	4.0177	2.5614	0.3676	0.6375
 2590	0.6655	-0.3437	4.0158	2.5501	0.3674	0.6350
 2600	0.6624	-0.3448	4.0135	2.5394	0.3673	0.6327
 2610	0.6618	-0.3454	4.0098	2.5288	0.3672	0.6307
 2620	0.6613	-0.3475	4.0065	2.5190	0.3672	0.6287
 2630	0.6595	-0.3483	4.0007	2.5106	0.3673	0.6275
 2640	0.6588	-0.3488	3.9949	2.5028	0.3676	0.6265
 2650	0.6585	-0.3494	3.9906	2.4977	0.3682	0.6259
 2660	0.6588	-0.3503	3.9879	2.4935	0.3690	0.6253
 2670	0.6579	-0.3504	3.9850	2.4900	0.3699	0.6248
 2680	0.6579	-0.3510	3.9828	2.4870	0.3708	0.6244
 2690	0.6565	-0.3522	3.9804	2.4825	0.3715	0.6237
 2700	0.6550	-0.3543	3.9789	2.4774	0.3721	0.6226
 2710	0.6548	-0.3534	3.9785	2.4709	0.3725	0.6211
 2720	0.6539	-0.3545	3.9791	2.4648	0.3730	0.6194
 2730	0.6513	-0.3554	3.9802	2.4589	0.3734	0.6178
 2740	0.6491	-0.3572	3.9809	2.4507	0.3736	0.6156
 2750	0.6482	-0.3583	3.9822	2.4435	0.3738	0.6136
 2760	0.6478	-0.3603	3.9837	2.4350	0.3739	0.6112
 2770	0.6467	-0.3619	3.9863	2.4250	0.3737	0.6083
 2780	0.6465	-0.3631	3.9879	2.4155	0.3736	0.6057
 2790	0.6476	-0.3637	3.9885	2.4059	0.3734	0.6032
 2800	0.6470	-0.3654	3.9886	2.3960	0.3732	0.6007
 2810	0.6464	-0.3675	3.9888	2.3861	0.3730	0.5982
 2820	0.6454	-0.3677	3.9886	2.3775	0.3730	0.5961
 2830	0.6447	-0.3688	3.9904	2.3677	0.3728	0.5933
 2840	0.6451	-0.3693	3.9917	2.3581	0.3726	0.5907
 2850	0.6427	-0.3693	3.9919	2.3478	0.3722	0.5881
 2860	0.6420	-0.3712	3.9900	2.3372	0.3719	0.5858
 2870	0.6402	-0.3736	3.9892	2.3267	0.3715	0.5833
 2880	0.6391	-0.3750	3.9897	2.3161	0.3711	0.5805
 2890	0.6390	-0.3762	3.9885	2.3054	0.3706	0.5780
 2900	0.6390	-0.3765	3.9861	2.2934	0.3700	0.5753
 2910	0.6381	-0.3778	3.9834	2.2805	0.3692	0.5725
 2920	0.6388	-0.3803	3.9803	2.2682	0.3684	0.5699
 2930	0.6395	-0.3814	3.9768	2.2560	0.3677	0.5673
 2940	0.6396	-0.3818	3.9737	2.2446	0.3671	0.5649
 2950	0.6400	-0.3822	3.9717	2.2365	0.3670	0.5631
 2960	0.6395	-0.3826	3.9688	2.2307	0.3673	0.5621
 2970	0.6379	-0.3815	3.9653	2.2271	0.3680	0.5617
 2980	0.6357	-0.3848	3.9622	2.2253	0.3689	0.5616
 2990	0.6339	-0.3852	3.9594	2.2249	0.3701	0.5619
 3000	0.6327	-0.3853	3.9570	2.2258	0.3715	0.5625
