; Name : DAK 12 Ethanol 10 deg.C 2024-Nov-15 11:41:38
; Date : 2024-Nov-15 11:41:38
; Temperature(C) : 10
; Probe : DAK 12
; Network Analyzer : Hewlett Packard / Agilent Technologies 87XX
; Originally imported from : 
; Notes : 
;
; MHz  ReflR  ReflI  EpsR  EpsI  Sigma  TanD
;
   50	0.9803	-0.0641	31.9095	8.9194	0.0248	0.2795
   60	0.9726	-0.0706	30.0526	10.2606	0.0342	0.3414
   70	0.9714	-0.0758	28.2058	11.3143	0.0441	0.4011
   80	0.9594	-0.0815	26.4134	12.0968	0.0538	0.4580
   90	0.9525	-0.0864	24.7090	12.6453	0.0633	0.5118
  100	0.9458	-0.0911	23.1157	13.0831	0.0728	0.5660
  110	0.9374	-0.0928	21.6447	13.3686	0.0818	0.6176
  120	0.9308	-0.0954	20.3310	13.5938	0.0907	0.6686
  130	0.9249	-0.0957	19.1245	13.7667	0.0996	0.7198
  140	0.9196	-0.0992	18.0541	13.8984	0.1082	0.7698
  150	0.9138	-0.0994	17.1059	13.9547	0.1164	0.8158
  160	0.9082	-0.1013	16.2893	13.9649	0.1243	0.8573
  170	0.9037	-0.1026	15.5521	13.9200	0.1316	0.8951
  180	0.8992	-0.1019	14.8701	13.8515	0.1387	0.9315
  190	0.8959	-0.0999	14.1898	13.6568	0.1444	0.9624
  200	0.8919	-0.1004	13.5287	13.4657	0.1498	0.9953
  210	0.8922	-0.1034	12.8934	13.2134	0.1544	1.0248
  220	0.8855	-0.1045	12.3091	12.9200	0.1581	1.0496
  230	0.8818	-0.1040	11.8059	12.6563	0.1619	1.0720
  240	0.8807	-0.1029	11.3441	12.3787	0.1653	1.0912
  250	0.8772	-0.1022	10.9174	12.1114	0.1684	1.1094
  260	0.8782	-0.1030	10.4959	11.8519	0.1714	1.1292
  270	0.8755	-0.1048	10.1094	11.5978	0.1742	1.1472
  280	0.8738	-0.1057	9.7425	11.3584	0.1769	1.1659
  290	0.8712	-0.1040	9.4315	11.1213	0.1794	1.1792
  300	0.8722	-0.1045	9.1379	10.9039	0.1820	1.1933
  310	0.8696	-0.1037	8.8848	10.7024	0.1846	1.2046
  320	0.8691	-0.1032	8.6358	10.5081	0.1871	1.2168
  330	0.8647	-0.1037	8.3922	10.3165	0.1894	1.2293
  340	0.8639	-0.1066	8.1684	10.1229	0.1915	1.2393
  350	0.8598	-0.1073	7.9834	9.9270	0.1933	1.2435
  360	0.8596	-0.1073	7.8262	9.7224	0.1947	1.2423
  370	0.8588	-0.1077	7.6705	9.5460	0.1965	1.2445
  380	0.8594	-0.1077	7.5116	9.3605	0.1979	1.2461
  390	0.8579	-0.1098	7.3503	9.1672	0.1989	1.2472
  400	0.8565	-0.1119	7.2024	8.9726	0.1997	1.2458
  410	0.8571	-0.1129	7.0679	8.7693	0.2000	1.2407
  420	0.8567	-0.1122	6.9496	8.5801	0.2005	1.2346
  430	0.8556	-0.1113	6.8209	8.4016	0.2010	1.2317
  440	0.8569	-0.1106	6.6869	8.2390	0.2017	1.2321
  450	0.8566	-0.1124	6.5625	8.0745	0.2021	1.2304
  460	0.8550	-0.1143	6.4421	7.9300	0.2029	1.2310
  470	0.8535	-0.1137	6.3324	7.7923	0.2037	1.2305
  480	0.8522	-0.1145	6.2386	7.6806	0.2051	1.2311
  490	0.8508	-0.1157	6.1559	7.5761	0.2065	1.2307
  500	0.8499	-0.1160	6.0695	7.4872	0.2083	1.2336
  510	0.8498	-0.1174	5.9886	7.3973	0.2099	1.2352
  520	0.8477	-0.1188	5.9171	7.3087	0.2114	1.2352
  530	0.8458	-0.1209	5.8544	7.2207	0.2129	1.2334
  540	0.8444	-0.1203	5.8064	7.1386	0.2145	1.2295
  550	0.8443	-0.1211	5.7638	7.0578	0.2159	1.2245
  560	0.8440	-0.1211	5.7152	6.9668	0.2170	1.2190
  570	0.8440	-0.1244	5.6621	6.8744	0.2180	1.2141
  580	0.8430	-0.1239	5.6095	6.7740	0.2186	1.2076
  590	0.8403	-0.1247	5.5593	6.6632	0.2187	1.1986
  600	0.8402	-0.1257	5.5135	6.5534	0.2187	1.1886
  610	0.8399	-0.1273	5.4691	6.4454	0.2187	1.1785
  620	0.8415	-0.1292	5.4184	6.3393	0.2187	1.1700
  630	0.8409	-0.1309	5.3667	6.2325	0.2184	1.1613
  640	0.8405	-0.1317	5.3154	6.1254	0.2181	1.1524
  650	0.8406	-0.1317	5.2621	6.0265	0.2179	1.1453
  660	0.8400	-0.1326	5.2159	5.9343	0.2179	1.1378
  670	0.8408	-0.1333	5.1725	5.8528	0.2182	1.1315
  680	0.8412	-0.1335	5.1288	5.7778	0.2186	1.1265
  690	0.8410	-0.1339	5.0821	5.7068	0.2191	1.1229
  700	0.8388	-0.1354	5.0418	5.6388	0.2196	1.1184
  710	0.8385	-0.1356	5.0031	5.5731	0.2201	1.1139
  720	0.8367	-0.1366	4.9742	5.5134	0.2208	1.1084
  730	0.8359	-0.1382	4.9396	5.4591	0.2217	1.1052
  740	0.8354	-0.1397	4.9109	5.4043	0.2225	1.1005
  750	0.8348	-0.1398	4.8841	5.3450	0.2230	1.0944
  760	0.8342	-0.1423	4.8608	5.2833	0.2234	1.0869
  770	0.8329	-0.1446	4.8392	5.2176	0.2235	1.0782
  780	0.8330	-0.1448	4.8180	5.1541	0.2237	1.0698
  790	0.8347	-0.1459	4.7941	5.0902	0.2237	1.0618
  800	0.8341	-0.1457	4.7699	5.0259	0.2237	1.0537
  810	0.8339	-0.1474	4.7473	4.9614	0.2236	1.0451
  820	0.8338	-0.1486	4.7237	4.8939	0.2233	1.0360
  830	0.8335	-0.1488	4.6990	4.8303	0.2230	1.0279
  840	0.8333	-0.1497	4.6766	4.7733	0.2231	1.0207
  850	0.8324	-0.1515	4.6560	4.7194	0.2232	1.0136
  860	0.8328	-0.1519	4.6331	4.6689	0.2234	1.0077
  870	0.8311	-0.1542	4.6124	4.6239	0.2238	1.0025
  880	0.8301	-0.1553	4.5944	4.5786	0.2241	0.9965
  890	0.8303	-0.1570	4.5770	4.5354	0.2246	0.9909
  900	0.8295	-0.1580	4.5610	4.4960	0.2251	0.9857
  910	0.8290	-0.1590	4.5502	4.4570	0.2256	0.9795
  920	0.8289	-0.1601	4.5396	4.4191	0.2262	0.9735
  930	0.8287	-0.1611	4.5258	4.3773	0.2265	0.9672
  940	0.8282	-0.1615	4.5124	4.3324	0.2266	0.9601
  950	0.8273	-0.1628	4.4995	4.2872	0.2266	0.9528
  960	0.8268	-0.1638	4.4860	4.2416	0.2265	0.9455
  970	0.8272	-0.1654	4.4718	4.1952	0.2264	0.9381
  980	0.8270	-0.1665	4.4536	4.1503	0.2263	0.9319
  990	0.8256	-0.1683	4.4380	4.1050	0.2261	0.9250
 1000	0.8266	-0.1701	4.4207	4.0578	0.2257	0.9179
 1010	0.8260	-0.1710	4.4047	4.0115	0.2254	0.9108
 1020	0.8254	-0.1717	4.3912	3.9727	0.2254	0.9047
 1030	0.8260	-0.1730	4.3759	3.9371	0.2256	0.8997
 1040	0.8263	-0.1736	4.3618	3.9026	0.2258	0.8947
 1050	0.8254	-0.1744	4.3474	3.8738	0.2263	0.8910
 1060	0.8252	-0.1750	4.3341	3.8483	0.2269	0.8879
 1070	0.8236	-0.1759	4.3215	3.8249	0.2277	0.8851
 1080	0.8227	-0.1769	4.3101	3.8028	0.2285	0.8823
 1090	0.8215	-0.1778	4.3000	3.7798	0.2292	0.8790
 1100	0.8215	-0.1806	4.2920	3.7589	0.2300	0.8758
 1110	0.8202	-0.1807	4.2844	3.7348	0.2306	0.8717
 1120	0.8192	-0.1833	4.2780	3.7079	0.2310	0.8668
 1130	0.8175	-0.1833	4.2724	3.6801	0.2313	0.8614
 1140	0.8160	-0.1859	4.2690	3.6509	0.2315	0.8552
 1150	0.8177	-0.1858	4.2644	3.6188	0.2315	0.8486
 1160	0.8185	-0.1886	4.2587	3.5878	0.2315	0.8425
 1170	0.8179	-0.1897	4.2524	3.5557	0.2314	0.8362
 1180	0.8176	-0.1904	4.2441	3.5230	0.2313	0.8301
 1190	0.8186	-0.1918	4.2360	3.4889	0.2310	0.8236
 1200	0.8182	-0.1926	4.2268	3.4576	0.2308	0.8180
 1210	0.8173	-0.1937	4.2180	3.4276	0.2307	0.8126
 1220	0.8164	-0.1944	4.2089	3.4011	0.2308	0.8081
 1230	0.8153	-0.1957	4.1984	3.3739	0.2309	0.8036
 1240	0.8158	-0.1976	4.1892	3.3488	0.2310	0.7994
 1250	0.8135	-0.1987	4.1805	3.3249	0.2312	0.7953
 1260	0.8134	-0.1998	4.1706	3.3046	0.2316	0.7923
 1270	0.8130	-0.2007	4.1644	3.2883	0.2323	0.7896
 1280	0.8128	-0.2017	4.1573	3.2725	0.2330	0.7872
 1290	0.8126	-0.2035	4.1507	3.2567	0.2337	0.7846
 1300	0.8123	-0.2043	4.1432	3.2369	0.2341	0.7813
 1310	0.8116	-0.2054	4.1397	3.2169	0.2344	0.7771
 1320	0.8109	-0.2068	4.1369	3.1968	0.2348	0.7728
 1330	0.8095	-0.2065	4.1342	3.1755	0.2350	0.7681
 1340	0.8099	-0.2090	4.1308	3.1503	0.2348	0.7626
 1350	0.8090	-0.2097	4.1275	3.1260	0.2348	0.7574
 1360	0.8082	-0.2123	4.1242	3.1021	0.2347	0.7522
 1370	0.8066	-0.2137	4.1193	3.0768	0.2345	0.7469
 1380	0.8074	-0.2146	4.1132	3.0517	0.2343	0.7419
 1390	0.8072	-0.2166	4.1076	3.0261	0.2340	0.7367
 1400	0.8077	-0.2173	4.1008	3.0032	0.2339	0.7323
 1410	0.8087	-0.2184	4.0933	2.9800	0.2337	0.7280
 1420	0.8071	-0.2201	4.0852	2.9586	0.2337	0.7242
 1430	0.8077	-0.2219	4.0769	2.9380	0.2337	0.7206
 1440	0.8066	-0.2209	4.0680	2.9191	0.2338	0.7176
 1450	0.8066	-0.2214	4.0595	2.9018	0.2341	0.7148
 1460	0.8058	-0.2219	4.0523	2.8874	0.2345	0.7125
 1470	0.8048	-0.2238	4.0461	2.8725	0.2349	0.7099
 1480	0.8029	-0.2252	4.0397	2.8583	0.2353	0.7076
 1490	0.8032	-0.2262	4.0355	2.8421	0.2356	0.7043
 1500	0.8021	-0.2280	4.0317	2.8277	0.2360	0.7014
 1510	0.8007	-0.2300	4.0295	2.8121	0.2362	0.6979
 1520	0.8009	-0.2314	4.0247	2.7971	0.2365	0.6950
 1530	0.8005	-0.2316	4.0217	2.7805	0.2367	0.6914
 1540	0.8005	-0.2335	4.0187	2.7633	0.2367	0.6876
 1550	0.8006	-0.2346	4.0155	2.7449	0.2367	0.6836
 1560	0.8004	-0.2361	4.0125	2.7271	0.2367	0.6797
 1570	0.7997	-0.2374	4.0104	2.7115	0.2368	0.6761
 1580	0.7996	-0.2385	4.0087	2.6942	0.2368	0.6721
 1590	0.7993	-0.2382	4.0045	2.6782	0.2369	0.6688
 1600	0.7988	-0.2397	4.0005	2.6601	0.2368	0.6649
 1610	0.7967	-0.2407	3.9965	2.6425	0.2367	0.6612
 1620	0.7965	-0.2427	3.9936	2.6247	0.2365	0.6572
 1630	0.7956	-0.2444	3.9895	2.6070	0.2364	0.6535
 1640	0.7957	-0.2458	3.9847	2.5877	0.2361	0.6494
 1650	0.7949	-0.2478	3.9798	2.5709	0.2360	0.6460
 1660	0.7957	-0.2497	3.9753	2.5538	0.2358	0.6424
 1670	0.7961	-0.2488	3.9695	2.5357	0.2356	0.6388
 1680	0.7951	-0.2512	3.9622	2.5185	0.2354	0.6356
 1690	0.7957	-0.2514	3.9557	2.5018	0.2352	0.6324
 1700	0.7961	-0.2527	3.9504	2.4856	0.2351	0.6292
 1710	0.7959	-0.2527	3.9453	2.4706	0.2350	0.6262
 1720	0.7947	-0.2528	3.9398	2.4561	0.2350	0.6234
 1730	0.7934	-0.2551	3.9341	2.4419	0.2350	0.6207
 1740	0.7920	-0.2562	3.9273	2.4301	0.2352	0.6188
 1750	0.7918	-0.2576	3.9221	2.4182	0.2354	0.6166
 1760	0.7909	-0.2586	3.9169	2.4082	0.2358	0.6148
 1770	0.7900	-0.2605	3.9131	2.3979	0.2361	0.6128
 1780	0.7898	-0.2616	3.9087	2.3896	0.2366	0.6114
 1790	0.7900	-0.2632	3.9054	2.3813	0.2371	0.6097
 1800	0.7886	-0.2632	3.9039	2.3757	0.2379	0.6085
 1810	0.7879	-0.2647	3.9010	2.3703	0.2387	0.6076
 1820	0.7877	-0.2661	3.8980	2.3653	0.2395	0.6068
 1830	0.7872	-0.2663	3.8972	2.3614	0.2404	0.6059
 1840	0.7861	-0.2660	3.8948	2.3553	0.2411	0.6047
 1850	0.7847	-0.2680	3.8933	2.3497	0.2418	0.6035
 1860	0.7830	-0.2690	3.8916	2.3422	0.2424	0.6019
 1870	0.7819	-0.2704	3.8904	2.3339	0.2428	0.5999
 1880	0.7809	-0.2728	3.8910	2.3234	0.2430	0.5971
 1890	0.7788	-0.2737	3.8919	2.3116	0.2431	0.5940
 1900	0.7790	-0.2760	3.8916	2.2967	0.2428	0.5902
 1910	0.7792	-0.2770	3.8910	2.2792	0.2422	0.5858
 1920	0.7797	-0.2793	3.8918	2.2617	0.2416	0.5811
 1930	0.7802	-0.2794	3.8899	2.2428	0.2408	0.5766
 1940	0.7818	-0.2812	3.8867	2.2244	0.2401	0.5723
 1950	0.7809	-0.2829	3.8833	2.2078	0.2395	0.5685
 1960	0.7809	-0.2829	3.8805	2.1906	0.2389	0.5645
 1970	0.7813	-0.2848	3.8771	2.1744	0.2383	0.5608
 1980	0.7798	-0.2856	3.8713	2.1597	0.2379	0.5579
 1990	0.7798	-0.2868	3.8653	2.1473	0.2377	0.5555
 2000	0.7775	-0.2874	3.8608	2.1379	0.2379	0.5537
 2010	0.7774	-0.2890	3.8561	2.1317	0.2384	0.5528
 2020	0.7766	-0.2895	3.8519	2.1260	0.2389	0.5519
 2030	0.7758	-0.2904	3.8481	2.1217	0.2396	0.5514
 2040	0.7737	-0.2924	3.8450	2.1188	0.2405	0.5510
 2050	0.7735	-0.2926	3.8417	2.1155	0.2413	0.5507
 2060	0.7747	-0.2937	3.8375	2.1118	0.2420	0.5503
 2070	0.7724	-0.2961	3.8331	2.1067	0.2426	0.5496
 2080	0.7728	-0.2961	3.8278	2.0998	0.2430	0.5486
 2090	0.7721	-0.2955	3.8239	2.0916	0.2432	0.5470
 2100	0.7703	-0.2963	3.8212	2.0838	0.2434	0.5453
 2110	0.7694	-0.2978	3.8185	2.0752	0.2436	0.5435
 2120	0.7680	-0.3002	3.8171	2.0653	0.2436	0.5411
 2130	0.7682	-0.3009	3.8165	2.0561	0.2436	0.5387
 2140	0.7685	-0.3023	3.8156	2.0459	0.2436	0.5362
 2150	0.7677	-0.3037	3.8156	2.0370	0.2436	0.5339
 2160	0.7661	-0.3048	3.8174	2.0276	0.2436	0.5311
 2170	0.7665	-0.3066	3.8171	2.0194	0.2438	0.5290
 2180	0.7667	-0.3076	3.8180	2.0109	0.2439	0.5267
 2190	0.7660	-0.3105	3.8195	2.0027	0.2440	0.5243
 2200	0.7644	-0.3115	3.8204	1.9922	0.2438	0.5215
 2210	0.7633	-0.3128	3.8218	1.9812	0.2436	0.5184
 2220	0.7627	-0.3132	3.8226	1.9707	0.2434	0.5155
 2230	0.7630	-0.3144	3.8211	1.9587	0.2430	0.5126
 2240	0.7625	-0.3153	3.8186	1.9462	0.2425	0.5097
 2250	0.7619	-0.3167	3.8178	1.9341	0.2421	0.5066
 2260	0.7608	-0.3182	3.8160	1.9208	0.2415	0.5034
 2270	0.7612	-0.3195	3.8138	1.9066	0.2408	0.4999
 2280	0.7609	-0.3217	3.8095	1.8911	0.2399	0.4964
 2290	0.7621	-0.3222	3.8055	1.8778	0.2392	0.4935
 2300	0.7626	-0.3237	3.8016	1.8665	0.2388	0.4910
 2310	0.7615	-0.3270	3.7964	1.8557	0.2385	0.4888
 2320	0.7618	-0.3256	3.7911	1.8448	0.2381	0.4866
 2330	0.7615	-0.3265	3.7849	1.8358	0.2380	0.4850
 2340	0.7604	-0.3267	3.7797	1.8279	0.2380	0.4836
 2350	0.7601	-0.3281	3.7736	1.8226	0.2383	0.4830
 2360	0.7581	-0.3293	3.7675	1.8189	0.2388	0.4828
 2370	0.7572	-0.3290	3.7614	1.8159	0.2394	0.4828
 2380	0.7560	-0.3298	3.7563	1.8132	0.2401	0.4827
 2390	0.7562	-0.3300	3.7512	1.8121	0.2409	0.4831
 2400	0.7538	-0.3319	3.7475	1.8111	0.2418	0.4833
 2410	0.7529	-0.3322	3.7460	1.8106	0.2428	0.4833
 2420	0.7526	-0.3333	3.7438	1.8095	0.2436	0.4833
 2430	0.7538	-0.3346	3.7437	1.8094	0.2446	0.4833
 2440	0.7515	-0.3356	3.7430	1.8071	0.2453	0.4828
 2450	0.7493	-0.3375	3.7448	1.8042	0.2459	0.4818
 2460	0.7487	-0.3382	3.7466	1.8006	0.2464	0.4806
 2470	0.7473	-0.3400	3.7471	1.7957	0.2467	0.4792
 2480	0.7460	-0.3403	3.7481	1.7895	0.2469	0.4774
 2490	0.7460	-0.3419	3.7487	1.7824	0.2469	0.4755
 2500	0.7452	-0.3432	3.7494	1.7739	0.2467	0.4731
 2510	0.7438	-0.3440	3.7497	1.7643	0.2464	0.4705
 2520	0.7434	-0.3456	3.7489	1.7543	0.2459	0.4679
 2530	0.7432	-0.3480	3.7484	1.7434	0.2454	0.4651
 2540	0.7432	-0.3483	3.7475	1.7324	0.2448	0.4623
 2550	0.7443	-0.3497	3.7474	1.7225	0.2444	0.4597
 2560	0.7438	-0.3529	3.7456	1.7121	0.2438	0.4571
 2570	0.7449	-0.3528	3.7444	1.7007	0.2432	0.4542
 2580	0.7422	-0.3538	3.7424	1.6903	0.2426	0.4517
 2590	0.7430	-0.3542	3.7414	1.6820	0.2424	0.4496
 2600	0.7414	-0.3565	3.7396	1.6746	0.2422	0.4478
 2610	0.7408	-0.3566	3.7360	1.6677	0.2421	0.4464
 2620	0.7394	-0.3588	3.7329	1.6621	0.2423	0.4453
 2630	0.7384	-0.3594	3.7275	1.6576	0.2425	0.4447
 2640	0.7374	-0.3600	3.7229	1.6539	0.2429	0.4442
 2650	0.7364	-0.3603	3.7191	1.6521	0.2436	0.4442
 2660	0.7370	-0.3616	3.7152	1.6516	0.2444	0.4446
 2670	0.7361	-0.3617	3.7121	1.6519	0.2454	0.4450
 2680	0.7359	-0.3630	3.7105	1.6519	0.2463	0.4452
 2690	0.7349	-0.3635	3.7081	1.6520	0.2472	0.4455
 2700	0.7330	-0.3642	3.7072	1.6509	0.2480	0.4453
 2710	0.7319	-0.3641	3.7074	1.6483	0.2485	0.4446
 2720	0.7308	-0.3664	3.7067	1.6447	0.2489	0.4437
 2730	0.7292	-0.3667	3.7080	1.6415	0.2493	0.4427
 2740	0.7273	-0.3692	3.7079	1.6366	0.2495	0.4414
 2750	0.7259	-0.3705	3.7092	1.6304	0.2494	0.4395
 2760	0.7255	-0.3716	3.7097	1.6242	0.2494	0.4378
 2770	0.7242	-0.3742	3.7120	1.6168	0.2491	0.4356
 2780	0.7254	-0.3741	3.7136	1.6104	0.2490	0.4336
 2790	0.7254	-0.3759	3.7151	1.6044	0.2490	0.4319
 2800	0.7252	-0.3779	3.7153	1.5979	0.2489	0.4301
 2810	0.7257	-0.3788	3.7155	1.5904	0.2486	0.4281
 2820	0.7247	-0.3790	3.7149	1.5839	0.2485	0.4264
 2830	0.7233	-0.3814	3.7151	1.5770	0.2483	0.4245
 2840	0.7221	-0.3814	3.7154	1.5700	0.2480	0.4226
 2850	0.7199	-0.3824	3.7154	1.5631	0.2478	0.4207
 2860	0.7195	-0.3840	3.7147	1.5555	0.2475	0.4187
 2870	0.7193	-0.3857	3.7143	1.5468	0.2470	0.4164
 2880	0.7173	-0.3883	3.7127	1.5383	0.2465	0.4143
 2890	0.7165	-0.3877	3.7105	1.5292	0.2459	0.4121
 2900	0.7180	-0.3899	3.7076	1.5194	0.2451	0.4098
 2910	0.7181	-0.3897	3.7042	1.5093	0.2443	0.4074
 2920	0.7195	-0.3928	3.7019	1.4999	0.2437	0.4052
 2930	0.7189	-0.3941	3.6989	1.4910	0.2430	0.4031
 2940	0.7177	-0.3952	3.6975	1.4826	0.2425	0.4010
 2950	0.7182	-0.3952	3.6956	1.4770	0.2424	0.3997
 2960	0.7178	-0.3963	3.6939	1.4735	0.2426	0.3989
 2970	0.7167	-0.3956	3.6928	1.4742	0.2436	0.3992
 2980	0.7145	-0.3965	3.6941	1.4772	0.2449	0.3999
 2990	0.7126	-0.3984	3.6949	1.4816	0.2465	0.4010
 3000	0.7100	-0.3995	3.6964	1.4867	0.2481	0.4022
