; Name : DAK 12 Ethanol 40 deg.C 2024-Nov-15 09:57:09
; Date : 2024-Nov-15 09:57:09
; Temperature(C) : 40
; Probe : DAK 12
; Network Analyzer : Hewlett Packard / Agilent Technologies 87XX
; Originally imported from : 
; Notes : 
;
; MHz  ReflR  ReflI  EpsR  EpsI  Sigma  TanD
;
   50	1.0038	-0.0450	21.6743	0.0006	0.0000	0.0000
   60	1.0023	-0.0510	21.4028	-0.1161	-0.0004	-0.0054
   70	0.9991	-0.0559	21.1412	-0.0922	-0.0004	-0.0044
   80	1.0037	-0.0683	20.9295	-0.0501	-0.0002	-0.0024
   90	1.0023	-0.0770	20.7629	-0.0313	-0.0002	-0.0015
  100	1.0006	-0.0876	20.6600	-0.0352	-0.0002	-0.0017
  110	0.9988	-0.0957	20.5590	-0.0644	-0.0004	-0.0031
  120	0.9952	-0.1017	20.5071	0.0197	0.0001	0.0010
  130	0.9931	-0.1115	20.5334	0.1119	0.0008	0.0054
  140	0.9901	-0.1178	20.5829	0.2377	0.0019	0.0115
  150	0.9915	-0.1265	20.6940	0.3720	0.0031	0.0180
  160	0.9884	-0.1405	20.8546	0.5121	0.0046	0.0246
  170	0.9868	-0.1490	21.0127	0.6421	0.0061	0.0306
  180	0.9813	-0.1570	21.1780	0.7551	0.0076	0.0357
  190	0.9784	-0.1621	21.1942	0.8707	0.0092	0.0411
  200	0.9764	-0.1704	21.1625	1.0023	0.0112	0.0474
  210	0.9755	-0.1798	21.1003	1.1482	0.0134	0.0544
  220	0.9700	-0.1890	21.0438	1.2785	0.0156	0.0608
  230	0.9665	-0.1979	21.0826	1.3778	0.0176	0.0654
  240	0.9614	-0.2053	21.0822	1.4647	0.0196	0.0695
  250	0.9600	-0.2121	21.0865	1.5611	0.0217	0.0740
  260	0.9605	-0.2189	21.0491	1.6755	0.0242	0.0796
  270	0.9558	-0.2266	20.9960	1.7883	0.0269	0.0852
  280	0.9525	-0.2363	20.9631	1.8995	0.0296	0.0906
  290	0.9468	-0.2444	20.9204	2.0042	0.0323	0.0958
  300	0.9423	-0.2509	20.9139	2.0859	0.0348	0.0997
  310	0.9374	-0.2559	20.9502	2.1973	0.0379	0.1049
  320	0.9336	-0.2616	20.9364	2.3175	0.0413	0.1107
  330	0.9306	-0.2713	20.9073	2.4527	0.0450	0.1173
  340	0.9269	-0.2800	20.8577	2.5747	0.0487	0.1234
  350	0.9207	-0.2884	20.8247	2.6788	0.0522	0.1286
  360	0.9126	-0.2947	20.8048	2.7735	0.0555	0.1333
  370	0.9077	-0.2976	20.7910	2.8779	0.0592	0.1384
  380	0.9055	-0.3042	20.7581	2.9792	0.0630	0.1435
  390	0.9030	-0.3122	20.7154	3.0823	0.0669	0.1488
  400	0.8985	-0.3190	20.6537	3.1684	0.0705	0.1534
  410	0.8914	-0.3244	20.5946	3.2388	0.0739	0.1573
  420	0.8860	-0.3302	20.5422	3.3229	0.0776	0.1618
  430	0.8815	-0.3340	20.5075	3.4017	0.0814	0.1659
  440	0.8770	-0.3395	20.4626	3.5061	0.0858	0.1713
  450	0.8747	-0.3457	20.4046	3.6125	0.0904	0.1770
  460	0.8671	-0.3544	20.3467	3.7138	0.0950	0.1825
  470	0.8610	-0.3592	20.2989	3.8107	0.0996	0.1877
  480	0.8540	-0.3638	20.2734	3.9009	0.1042	0.1924
  490	0.8474	-0.3677	20.2656	3.9924	0.1088	0.1970
  500	0.8430	-0.3713	20.2551	4.1105	0.1143	0.2029
  510	0.8380	-0.3781	20.2338	4.2301	0.1200	0.2091
  520	0.8318	-0.3858	20.1973	4.3402	0.1256	0.2149
  530	0.8259	-0.3892	20.1719	4.4385	0.1309	0.2200
  540	0.8175	-0.3950	20.1466	4.5350	0.1362	0.2251
  550	0.8113	-0.3973	20.1242	4.6331	0.1418	0.2302
  560	0.8069	-0.4033	20.0921	4.7353	0.1475	0.2357
  570	0.8021	-0.4054	20.0503	4.8324	0.1532	0.2410
  580	0.7970	-0.4142	19.9879	4.9182	0.1587	0.2461
  590	0.7884	-0.4171	19.9258	4.9919	0.1638	0.2505
  600	0.7816	-0.4192	19.8651	5.0516	0.1686	0.2543
  610	0.7765	-0.4228	19.8124	5.1211	0.1738	0.2585
  620	0.7714	-0.4241	19.7483	5.1910	0.1790	0.2629
  630	0.7675	-0.4267	19.6804	5.2655	0.1845	0.2675
  640	0.7632	-0.4353	19.6048	5.3378	0.1900	0.2723
  650	0.7552	-0.4368	19.5286	5.4059	0.1955	0.2768
  660	0.7502	-0.4400	19.4682	5.4723	0.2009	0.2811
  670	0.7454	-0.4415	19.4124	5.5457	0.2067	0.2857
  680	0.7398	-0.4446	19.3565	5.6295	0.2130	0.2908
  690	0.7349	-0.4460	19.3061	5.7131	0.2193	0.2959
  700	0.7282	-0.4521	19.2462	5.7890	0.2254	0.3008
  710	0.7213	-0.4552	19.1905	5.8544	0.2312	0.3051
  720	0.7124	-0.4585	19.1392	5.9180	0.2370	0.3092
  730	0.7074	-0.4582	19.0992	5.9794	0.2428	0.3131
  740	0.7017	-0.4599	19.0497	6.0547	0.2493	0.3178
  750	0.6983	-0.4631	18.9910	6.1275	0.2557	0.3227
  760	0.6922	-0.4658	18.9261	6.1984	0.2621	0.3275
  770	0.6865	-0.4694	18.8513	6.2669	0.2684	0.3324
  780	0.6801	-0.4720	18.7787	6.3223	0.2743	0.3367
  790	0.6757	-0.4728	18.7206	6.3770	0.2803	0.3406
  800	0.6717	-0.4732	18.6526	6.4435	0.2868	0.3454
  810	0.6671	-0.4761	18.5779	6.5069	0.2932	0.3503
  820	0.6619	-0.4772	18.4985	6.5684	0.2996	0.3551
  830	0.6533	-0.4789	18.4227	6.6236	0.3058	0.3595
  840	0.6469	-0.4800	18.3498	6.6730	0.3118	0.3637
  850	0.6419	-0.4801	18.2904	6.7242	0.3180	0.3676
  860	0.6380	-0.4799	18.2376	6.7851	0.3246	0.3720
  870	0.6328	-0.4833	18.1819	6.8500	0.3315	0.3767
  880	0.6285	-0.4860	18.1146	6.9138	0.3385	0.3817
  890	0.6220	-0.4882	18.0500	6.9691	0.3451	0.3861
  900	0.6168	-0.4898	17.9859	7.0147	0.3512	0.3900
  910	0.6107	-0.4903	17.9267	7.0584	0.3573	0.3937
  920	0.6061	-0.4892	17.8710	7.1014	0.3635	0.3974
  930	0.6042	-0.4903	17.8094	7.1502	0.3699	0.4015
  940	0.5983	-0.4937	17.7388	7.1899	0.3760	0.4053
  950	0.5916	-0.4954	17.6618	7.2293	0.3821	0.4093
  960	0.5856	-0.4943	17.5867	7.2641	0.3879	0.4130
  970	0.5804	-0.4936	17.5124	7.2995	0.3939	0.4168
  980	0.5770	-0.4937	17.4417	7.3409	0.4002	0.4209
  990	0.5754	-0.4946	17.3657	7.3820	0.4066	0.4251
 1000	0.5725	-0.4953	17.2845	7.4211	0.4128	0.4294
 1010	0.5650	-0.4983	17.2070	7.4633	0.4193	0.4337
 1020	0.5598	-0.4986	17.1378	7.5041	0.4258	0.4379
 1030	0.5541	-0.4969	17.0718	7.5479	0.4325	0.4421
 1040	0.5501	-0.4967	17.0100	7.5989	0.4396	0.4467
 1050	0.5471	-0.4964	16.9474	7.6528	0.4470	0.4516
 1060	0.5437	-0.4977	16.8857	7.7111	0.4547	0.4567
 1070	0.5377	-0.4996	16.8185	7.7629	0.4621	0.4616
 1080	0.5298	-0.4981	16.7532	7.8047	0.4689	0.4659
 1090	0.5255	-0.4991	16.6995	7.8425	0.4756	0.4696
 1100	0.5204	-0.4967	16.6417	7.8844	0.4825	0.4738
 1110	0.5168	-0.4963	16.5752	7.9259	0.4894	0.4782
 1120	0.5133	-0.4977	16.5070	7.9608	0.4960	0.4823
 1130	0.5084	-0.4984	16.4328	7.9837	0.5019	0.4858
 1140	0.5043	-0.4986	16.3549	7.9988	0.5073	0.4891
 1150	0.5025	-0.4984	16.2826	8.0152	0.5128	0.4923
 1160	0.4981	-0.4980	16.2168	8.0369	0.5186	0.4956
 1170	0.4961	-0.4982	16.1436	8.0613	0.5247	0.4994
 1180	0.4931	-0.4986	16.0684	8.0871	0.5309	0.5033
 1190	0.4892	-0.4985	15.9904	8.1141	0.5372	0.5074
 1200	0.4850	-0.4978	15.9129	8.1386	0.5433	0.5114
 1210	0.4782	-0.4969	15.8400	8.1642	0.5496	0.5154
 1220	0.4747	-0.4950	15.7742	8.1933	0.5561	0.5194
 1230	0.4722	-0.4933	15.7080	8.2296	0.5631	0.5239
 1240	0.4690	-0.4961	15.6412	8.2574	0.5696	0.5279
 1250	0.4641	-0.4953	15.5728	8.2917	0.5766	0.5325
 1260	0.4598	-0.4934	15.5083	8.3228	0.5834	0.5367
 1270	0.4541	-0.4934	15.4496	8.3516	0.5901	0.5406
 1280	0.4516	-0.4929	15.3908	8.3765	0.5965	0.5443
 1290	0.4505	-0.4919	15.3326	8.4029	0.6030	0.5480
 1300	0.4472	-0.4926	15.2750	8.4291	0.6096	0.5518
 1310	0.4432	-0.4929	15.2168	8.4505	0.6158	0.5553
 1320	0.4395	-0.4923	15.1541	8.4648	0.6216	0.5586
 1330	0.4357	-0.4933	15.0922	8.4775	0.6273	0.5617
 1340	0.4310	-0.4909	15.0322	8.4882	0.6328	0.5647
 1350	0.4280	-0.4902	14.9708	8.5018	0.6385	0.5679
 1360	0.4249	-0.4887	14.9037	8.5160	0.6443	0.5714
 1370	0.4218	-0.4894	14.8302	8.5290	0.6500	0.5751
 1380	0.4175	-0.4882	14.7564	8.5389	0.6555	0.5787
 1390	0.4169	-0.4891	14.6880	8.5459	0.6608	0.5818
 1400	0.4139	-0.4874	14.6222	8.5614	0.6668	0.5855
 1410	0.4112	-0.4862	14.5550	8.5790	0.6729	0.5894
 1420	0.4082	-0.4858	14.4907	8.6038	0.6797	0.5937
 1430	0.4083	-0.4859	14.4244	8.6176	0.6856	0.5974
 1440	0.4044	-0.4845	14.3603	8.6314	0.6915	0.6011
 1450	0.3982	-0.4833	14.3000	8.6417	0.6971	0.6043
 1460	0.3952	-0.4826	14.2444	8.6520	0.7027	0.6074
 1470	0.3930	-0.4808	14.1898	8.6618	0.7083	0.6104
 1480	0.3897	-0.4797	14.1339	8.6729	0.7141	0.6136
 1490	0.3864	-0.4815	14.0736	8.6824	0.7197	0.6169
 1500	0.3818	-0.4817	14.0109	8.6911	0.7252	0.6203
 1510	0.3806	-0.4806	13.9488	8.6971	0.7306	0.6235
 1520	0.3776	-0.4788	13.8893	8.7017	0.7358	0.6265
 1530	0.3764	-0.4777	13.8293	8.7086	0.7412	0.6297
 1540	0.3765	-0.4777	13.7684	8.7098	0.7462	0.6326
 1550	0.3731	-0.4785	13.7088	8.7166	0.7516	0.6358
 1560	0.3721	-0.4778	13.6494	8.7229	0.7570	0.6391
 1570	0.3663	-0.4735	13.5912	8.7261	0.7621	0.6420
 1580	0.3655	-0.4741	13.5327	8.7259	0.7670	0.6448
 1590	0.3611	-0.4727	13.4769	8.7328	0.7724	0.6480
 1600	0.3600	-0.4716	13.4258	8.7423	0.7781	0.6512
 1610	0.3563	-0.4721	13.3719	8.7447	0.7832	0.6540
 1620	0.3526	-0.4727	13.3143	8.7477	0.7884	0.6570
 1630	0.3492	-0.4713	13.2600	8.7501	0.7934	0.6599
 1640	0.3482	-0.4719	13.2087	8.7475	0.7981	0.6623
 1650	0.3463	-0.4695	13.1538	8.7444	0.8027	0.6648
 1660	0.3454	-0.4696	13.0962	8.7398	0.8071	0.6674
 1670	0.3442	-0.4690	13.0375	8.7381	0.8118	0.6702
 1680	0.3419	-0.4676	12.9781	8.7322	0.8161	0.6728
 1690	0.3412	-0.4673	12.9181	8.7240	0.8202	0.6753
 1700	0.3381	-0.4664	12.8641	8.7177	0.8245	0.6777
 1710	0.3354	-0.4645	12.8074	8.7159	0.8291	0.6805
 1720	0.3333	-0.4638	12.7546	8.7223	0.8346	0.6839
 1730	0.3319	-0.4639	12.7002	8.7204	0.8393	0.6866
 1740	0.3296	-0.4622	12.6458	8.7217	0.8442	0.6897
 1750	0.3249	-0.4619	12.5916	8.7200	0.8489	0.6925
 1760	0.3232	-0.4628	12.5404	8.7208	0.8539	0.6954
 1770	0.3214	-0.4606	12.4921	8.7255	0.8592	0.6985
 1780	0.3186	-0.4592	12.4411	8.7321	0.8647	0.7019
 1790	0.3171	-0.4590	12.3890	8.7405	0.8704	0.7055
 1800	0.3169	-0.4580	12.3362	8.7470	0.8759	0.7090
 1810	0.3146	-0.4578	12.2846	8.7510	0.8812	0.7124
 1820	0.3119	-0.4553	12.2352	8.7574	0.8867	0.7158
 1830	0.3098	-0.4542	12.1886	8.7637	0.8922	0.7190
 1840	0.3089	-0.4520	12.1437	8.7686	0.8976	0.7221
 1850	0.3066	-0.4526	12.1004	8.7743	0.9030	0.7251
 1860	0.3038	-0.4511	12.0566	8.7774	0.9082	0.7280
 1870	0.2981	-0.4508	12.0118	8.7741	0.9128	0.7305
 1880	0.2964	-0.4503	11.9699	8.7626	0.9165	0.7321
 1890	0.2949	-0.4497	11.9328	8.7514	0.9202	0.7334
 1900	0.2938	-0.4506	11.8952	8.7408	0.9239	0.7348
 1910	0.2938	-0.4500	11.8557	8.7227	0.9268	0.7357
 1920	0.2913	-0.4505	11.8114	8.7074	0.9301	0.7372
 1930	0.2906	-0.4502	11.7686	8.6909	0.9331	0.7385
 1940	0.2880	-0.4477	11.7239	8.6693	0.9356	0.7394
 1950	0.2882	-0.4485	11.6787	8.6519	0.9386	0.7408
 1960	0.2882	-0.4477	11.6317	8.6365	0.9417	0.7425
 1970	0.2863	-0.4466	11.5798	8.6252	0.9453	0.7449
 1980	0.2844	-0.4467	11.5262	8.6195	0.9494	0.7478
 1990	0.2819	-0.4458	11.4717	8.6146	0.9537	0.7509
 2000	0.2792	-0.4445	11.4239	8.6108	0.9581	0.7538
 2010	0.2764	-0.4427	11.3781	8.6129	0.9631	0.7570
 2020	0.2757	-0.4398	11.3328	8.6164	0.9683	0.7603
 2030	0.2758	-0.4405	11.2864	8.6187	0.9733	0.7636
 2040	0.2724	-0.4417	11.2425	8.6189	0.9781	0.7666
 2050	0.2706	-0.4383	11.1992	8.6170	0.9827	0.7694
 2060	0.2700	-0.4388	11.1544	8.6118	0.9869	0.7720
 2070	0.2688	-0.4361	11.1159	8.6074	0.9912	0.7743
 2080	0.2664	-0.4352	11.0778	8.6011	0.9953	0.7764
 2090	0.2665	-0.4359	11.0396	8.5941	0.9992	0.7785
 2100	0.2623	-0.4356	11.0032	8.5857	1.0030	0.7803
 2110	0.2615	-0.4359	10.9650	8.5757	1.0066	0.7821
 2120	0.2609	-0.4356	10.9280	8.5665	1.0103	0.7839
 2130	0.2580	-0.4328	10.8917	8.5569	1.0140	0.7856
 2140	0.2573	-0.4318	10.8568	8.5471	1.0175	0.7873
 2150	0.2555	-0.4329	10.8186	8.5417	1.0217	0.7895
 2160	0.2528	-0.4330	10.7799	8.5348	1.0256	0.7917
 2170	0.2529	-0.4315	10.7378	8.5263	1.0293	0.7940
 2180	0.2507	-0.4302	10.6999	8.5146	1.0326	0.7958
 2190	0.2488	-0.4302	10.6667	8.5035	1.0360	0.7972
 2200	0.2475	-0.4286	10.6304	8.4926	1.0394	0.7989
 2210	0.2487	-0.4275	10.5972	8.4764	1.0421	0.7999
 2220	0.2467	-0.4272	10.5637	8.4681	1.0458	0.8016
 2230	0.2451	-0.4278	10.5313	8.4486	1.0481	0.8022
 2240	0.2447	-0.4283	10.4990	8.4273	1.0502	0.8027
 2250	0.2406	-0.4272	10.4726	8.4084	1.0525	0.8029
 2260	0.2401	-0.4274	10.4416	8.3846	1.0542	0.8030
 2270	0.2389	-0.4270	10.4090	8.3655	1.0564	0.8037
 2280	0.2380	-0.4267	10.3725	8.3497	1.0591	0.8050
 2290	0.2370	-0.4291	10.3362	8.3285	1.0610	0.8058
 2300	0.2357	-0.4265	10.3009	8.3093	1.0632	0.8067
 2310	0.2348	-0.4270	10.2647	8.2909	1.0654	0.8077
 2320	0.2350	-0.4246	10.2206	8.2721	1.0676	0.8094
 2330	0.2346	-0.4231	10.1790	8.2593	1.0706	0.8114
 2340	0.2336	-0.4231	10.1354	8.2447	1.0733	0.8134
 2350	0.2328	-0.4222	10.0909	8.2346	1.0765	0.8160
 2360	0.2324	-0.4230	10.0471	8.2254	1.0799	0.8187
 2370	0.2267	-0.4184	10.0060	8.2238	1.0843	0.8219
 2380	0.2292	-0.4196	9.9708	8.2230	1.0887	0.8247
 2390	0.2286	-0.4175	9.9342	8.2233	1.0934	0.8278
 2400	0.2249	-0.4181	9.9017	8.2299	1.0988	0.8312
 2410	0.2250	-0.4186	9.8696	8.2330	1.1038	0.8342
 2420	0.2214	-0.4170	9.8405	8.2334	1.1084	0.8367
 2430	0.2199	-0.4141	9.8193	8.2322	1.1129	0.8384
 2440	0.2188	-0.4144	9.7999	8.2233	1.1162	0.8391
 2450	0.2161	-0.4126	9.7803	8.2162	1.1198	0.8401
 2460	0.2134	-0.4136	9.7616	8.2043	1.1228	0.8405
 2470	0.2146	-0.4124	9.7398	8.1916	1.1256	0.8410
 2480	0.2113	-0.4117	9.7172	8.1787	1.1284	0.8417
 2490	0.2125	-0.4128	9.6952	8.1635	1.1308	0.8420
 2500	0.2109	-0.4131	9.6695	8.1444	1.1327	0.8423
 2510	0.2102	-0.4148	9.6452	8.1273	1.1349	0.8426
 2520	0.2089	-0.4125	9.6170	8.1107	1.1370	0.8434
 2530	0.2060	-0.4147	9.5831	8.0867	1.1382	0.8439
 2540	0.2071	-0.4141	9.5518	8.0677	1.1400	0.8446
 2550	0.2050	-0.4122	9.5196	8.0505	1.1420	0.8457
 2560	0.2046	-0.4098	9.4869	8.0314	1.1438	0.8466
 2570	0.2057	-0.4080	9.4568	8.0167	1.1462	0.8477
 2580	0.2018	-0.4075	9.4228	8.0031	1.1487	0.8493
 2590	0.2036	-0.4080	9.3900	7.9888	1.1511	0.8508
 2600	0.2019	-0.4076	9.3602	7.9768	1.1538	0.8522
 2610	0.2013	-0.4082	9.3299	7.9635	1.1563	0.8535
 2620	0.2004	-0.4084	9.2968	7.9484	1.1585	0.8550
 2630	0.1988	-0.4065	9.2674	7.9368	1.1612	0.8564
 2640	0.1967	-0.4059	9.2362	7.9241	1.1638	0.8579
 2650	0.1980	-0.4058	9.2071	7.9151	1.1669	0.8597
 2660	0.1941	-0.4053	9.1806	7.9053	1.1698	0.8611
 2670	0.1944	-0.4061	9.1537	7.8989	1.1733	0.8629
 2680	0.1947	-0.4041	9.1299	7.8919	1.1766	0.8644
 2690	0.1920	-0.4042	9.1021	7.8873	1.1803	0.8665
 2700	0.1920	-0.4001	9.0754	7.8835	1.1841	0.8687
 2710	0.1908	-0.4001	9.0484	7.8774	1.1876	0.8706
 2720	0.1884	-0.4009	9.0238	7.8707	1.1910	0.8722
 2730	0.1875	-0.3993	9.0020	7.8623	1.1941	0.8734
 2740	0.1870	-0.3980	8.9812	7.8495	1.1965	0.8740
 2750	0.1843	-0.3992	8.9607	7.8360	1.1988	0.8745
 2760	0.1834	-0.3986	8.9406	7.8202	1.2007	0.8747
 2770	0.1834	-0.4002	8.9200	7.8058	1.2029	0.8751
 2780	0.1820	-0.4007	8.8992	7.7925	1.2051	0.8756
 2790	0.1811	-0.3996	8.8808	7.7779	1.2072	0.8758
 2800	0.1804	-0.3983	8.8591	7.7599	1.2087	0.8759
 2810	0.1793	-0.3991	8.8422	7.7442	1.2106	0.8758
 2820	0.1788	-0.3988	8.8240	7.7261	1.2121	0.8756
 2830	0.1780	-0.3980	8.8031	7.7097	1.2138	0.8758
 2840	0.1763	-0.3962	8.7860	7.6937	1.2156	0.8757
 2850	0.1762	-0.3961	8.7637	7.6757	1.2170	0.8758
 2860	0.1757	-0.3966	8.7433	7.6547	1.2179	0.8755
 2870	0.1735	-0.3963	8.7235	7.6361	1.2192	0.8754
 2880	0.1739	-0.3958	8.6972	7.6186	1.2206	0.8760
 2890	0.1708	-0.3969	8.6711	7.6004	1.2220	0.8765
 2900	0.1715	-0.3971	8.6466	7.5806	1.2230	0.8767
 2910	0.1713	-0.3978	8.6170	7.5587	1.2237	0.8772
 2920	0.1711	-0.3969	8.5903	7.5366	1.2243	0.8773
 2930	0.1710	-0.3964	8.5634	7.5173	1.2253	0.8778
 2940	0.1696	-0.3960	8.5349	7.5006	1.2268	0.8788
 2950	0.1719	-0.3942	8.5071	7.4850	1.2284	0.8799
 2960	0.1710	-0.3936	8.4792	7.4704	1.2301	0.8810
 2970	0.1694	-0.3926	8.4524	7.4608	1.2327	0.8827
 2980	0.1693	-0.3904	8.4222	7.4538	1.2357	0.8850
 2990	0.1665	-0.3904	8.3920	7.4504	1.2393	0.8878
 3000	0.1665	-0.3907	8.3612	7.4448	1.2425	0.8904
