; Name : DAK 12 Ethanol 10 deg.C 2024-Nov-01 11:41:04
; Date : 2024-Nov-01 11:41:04
; Temperature(C) : 10
; Probe : DAK 12
; Network Analyzer : Hewlett Packard / Agilent Technologies 87XX
; Originally imported from : 
; Notes : 
;
; MHz  ReflR  ReflI  EpsR  EpsI  Sigma  TanD
;
   50	0.9965	-0.0598	29.2498	0.8616	0.0024	0.0295
   60	0.9922	-0.0685	28.7704	1.6737	0.0056	0.0582
   70	0.9889	-0.0768	28.3129	2.4189	0.0094	0.0854
   80	0.9886	-0.0876	27.8694	2.9468	0.0131	0.1057
   90	0.9833	-0.1010	27.4603	3.4334	0.0172	0.1250
  100	0.9800	-0.1093	27.1112	3.9145	0.0218	0.1444
  110	0.9743	-0.1196	26.7988	4.3481	0.0266	0.1623
  120	0.9690	-0.1295	26.5404	4.8061	0.0321	0.1811
  130	0.9642	-0.1365	26.3238	5.1693	0.0374	0.1964
  140	0.9572	-0.1454	26.1619	5.6166	0.0437	0.2147
  150	0.9525	-0.1547	26.0396	6.0270	0.0503	0.2315
  160	0.9448	-0.1653	25.9354	6.3907	0.0569	0.2464
  170	0.9402	-0.1703	25.8599	6.7403	0.0637	0.2606
  180	0.9340	-0.1789	25.7123	7.0574	0.0707	0.2745
  190	0.9245	-0.1870	25.4777	7.3479	0.0777	0.2884
  200	0.9216	-0.1932	25.1699	7.6589	0.0852	0.3043
  210	0.9155	-0.2006	24.8404	7.9366	0.0927	0.3195
  220	0.9073	-0.2057	24.5252	8.1930	0.1003	0.3341
  230	0.9026	-0.2109	24.2645	8.4230	0.1078	0.3471
  240	0.8950	-0.2182	24.0334	8.6705	0.1158	0.3608
  250	0.8883	-0.2202	23.7323	8.9063	0.1239	0.3753
  260	0.8821	-0.2240	23.4553	9.1442	0.1323	0.3899
  270	0.8734	-0.2292	23.1672	9.3747	0.1408	0.4047
  280	0.8724	-0.2368	22.8571	9.5885	0.1494	0.4195
  290	0.8606	-0.2378	22.5736	9.7907	0.1580	0.4337
  300	0.8540	-0.2422	22.2863	9.9669	0.1663	0.4472
  310	0.8474	-0.2479	22.0103	10.1364	0.1748	0.4605
  320	0.8412	-0.2484	21.7072	10.2931	0.1832	0.4742
  330	0.8331	-0.2519	21.4295	10.4348	0.1916	0.4869
  340	0.8299	-0.2577	21.1462	10.5671	0.1999	0.4997
  350	0.8223	-0.2567	20.8451	10.6723	0.2078	0.5120
  360	0.8179	-0.2590	20.5612	10.7827	0.2159	0.5244
  370	0.8124	-0.2598	20.2622	10.8782	0.2239	0.5369
  380	0.8081	-0.2617	19.9561	10.9596	0.2317	0.5492
  390	0.8016	-0.2657	19.6638	11.0402	0.2395	0.5614
  400	0.7970	-0.2651	19.3515	11.1124	0.2473	0.5742
  410	0.7912	-0.2670	19.0517	11.1717	0.2548	0.5864
  420	0.7845	-0.2688	18.7783	11.2248	0.2623	0.5978
  430	0.7795	-0.2695	18.5133	11.2629	0.2694	0.6084
  440	0.7740	-0.2716	18.2388	11.3210	0.2771	0.6207
  450	0.7707	-0.2700	17.9827	11.3594	0.2844	0.6317
  460	0.7660	-0.2721	17.7306	11.3924	0.2915	0.6425
  470	0.7600	-0.2734	17.4725	11.4294	0.2988	0.6541
  480	0.7565	-0.2743	17.2362	11.4673	0.3062	0.6653
  490	0.7527	-0.2746	17.0008	11.4805	0.3129	0.6753
  500	0.7488	-0.2737	16.7583	11.4989	0.3198	0.6862
  510	0.7423	-0.2764	16.5290	11.5078	0.3265	0.6962
  520	0.7397	-0.2769	16.3044	11.5151	0.3331	0.7063
  530	0.7358	-0.2751	16.0881	11.5153	0.3395	0.7158
  540	0.7310	-0.2768	15.8765	11.5166	0.3460	0.7254
  550	0.7267	-0.2771	15.6580	11.5128	0.3523	0.7353
  560	0.7238	-0.2756	15.4532	11.4987	0.3582	0.7441
  570	0.7194	-0.2775	15.2490	11.4807	0.3641	0.7529
  580	0.7145	-0.2789	15.0409	11.4604	0.3698	0.7619
  590	0.7122	-0.2786	14.8430	11.4408	0.3755	0.7708
  600	0.7091	-0.2793	14.6366	11.4166	0.3811	0.7800
  610	0.7074	-0.2784	14.4484	11.3871	0.3864	0.7881
  620	0.7039	-0.2780	14.2649	11.3572	0.3917	0.7962
  630	0.6988	-0.2772	14.0828	11.3226	0.3968	0.8040
  640	0.6980	-0.2762	13.9018	11.2848	0.4018	0.8118
  650	0.6956	-0.2773	13.7210	11.2524	0.4069	0.8201
  660	0.6919	-0.2775	13.5552	11.2191	0.4119	0.8277
  670	0.6884	-0.2784	13.3873	11.1855	0.4169	0.8355
  680	0.6851	-0.2788	13.2189	11.1540	0.4219	0.8438
  690	0.6815	-0.2773	13.0674	11.1193	0.4268	0.8509
  700	0.6775	-0.2775	12.9135	11.0885	0.4318	0.8587
  710	0.6760	-0.2788	12.7644	11.0582	0.4368	0.8663
  720	0.6747	-0.2788	12.6271	11.0261	0.4416	0.8732
  730	0.6725	-0.2770	12.4898	10.9929	0.4464	0.8802
  740	0.6683	-0.2782	12.3504	10.9565	0.4510	0.8871
  750	0.6657	-0.2764	12.2153	10.9147	0.4554	0.8935
  760	0.6638	-0.2766	12.0792	10.8714	0.4596	0.9000
  770	0.6611	-0.2772	11.9439	10.8256	0.4637	0.9064
  780	0.6580	-0.2778	11.8077	10.7759	0.4676	0.9126
  790	0.6568	-0.2785	11.6714	10.7193	0.4711	0.9184
  800	0.6544	-0.2763	11.5477	10.6625	0.4745	0.9233
  810	0.6530	-0.2766	11.4247	10.6084	0.4780	0.9286
  820	0.6494	-0.2772	11.3087	10.5571	0.4816	0.9335
  830	0.6482	-0.2760	11.1943	10.5069	0.4851	0.9386
  840	0.6473	-0.2780	11.0803	10.4632	0.4889	0.9443
  850	0.6452	-0.2771	10.9706	10.4126	0.4924	0.9491
  860	0.6426	-0.2776	10.8708	10.3566	0.4955	0.9527
  870	0.6413	-0.2775	10.7671	10.3096	0.4990	0.9575
  880	0.6397	-0.2767	10.6640	10.2658	0.5026	0.9627
  890	0.6365	-0.2762	10.5713	10.2235	0.5062	0.9671
  900	0.6347	-0.2768	10.4738	10.1763	0.5095	0.9716
  910	0.6312	-0.2779	10.3868	10.1230	0.5125	0.9746
  920	0.6296	-0.2782	10.3057	10.0730	0.5155	0.9774
  930	0.6287	-0.2780	10.2219	10.0234	0.5186	0.9806
  940	0.6267	-0.2773	10.1364	9.9723	0.5215	0.9838
  950	0.6251	-0.2789	10.0449	9.9195	0.5242	0.9875
  960	0.6245	-0.2782	9.9588	9.8682	0.5270	0.9909
  970	0.6225	-0.2791	9.8752	9.8125	0.5295	0.9937
  980	0.6215	-0.2796	9.7858	9.7525	0.5317	0.9966
  990	0.6185	-0.2787	9.7052	9.6920	0.5338	0.9986
 1000	0.6195	-0.2774	9.6227	9.6328	0.5359	1.0011
 1010	0.6184	-0.2809	9.5411	9.5730	0.5379	1.0033
 1020	0.6153	-0.2792	9.4635	9.5190	0.5401	1.0059
 1030	0.6139	-0.2782	9.3879	9.4672	0.5425	1.0084
 1040	0.6114	-0.2787	9.3184	9.4187	0.5449	1.0108
 1050	0.6110	-0.2774	9.2528	9.3741	0.5476	1.0131
 1060	0.6108	-0.2795	9.1904	9.3339	0.5504	1.0156
 1070	0.6083	-0.2814	9.1277	9.2893	0.5529	1.0177
 1080	0.6067	-0.2811	9.0659	9.2481	0.5556	1.0201
 1090	0.6040	-0.2820	9.0081	9.2068	0.5583	1.0221
 1100	0.6040	-0.2818	8.9573	9.1610	0.5606	1.0227
 1110	0.5999	-0.2817	8.9046	9.1148	0.5628	1.0236
 1120	0.5993	-0.2832	8.8577	9.0721	0.5653	1.0242
 1130	0.5986	-0.2817	8.8099	9.0264	0.5674	1.0246
 1140	0.5959	-0.2830	8.7602	8.9804	0.5695	1.0251
 1150	0.5951	-0.2839	8.7104	8.9298	0.5713	1.0252
 1160	0.5959	-0.2831	8.6638	8.8790	0.5730	1.0248
 1170	0.5925	-0.2844	8.6106	8.8283	0.5746	1.0253
 1180	0.5922	-0.2853	8.5561	8.7750	0.5760	1.0256
 1190	0.5918	-0.2869	8.5021	8.7228	0.5775	1.0260
 1200	0.5897	-0.2872	8.4470	8.6685	0.5787	1.0262
 1210	0.5880	-0.2871	8.3964	8.6128	0.5798	1.0258
 1220	0.5883	-0.2879	8.3485	8.5627	0.5812	1.0257
 1230	0.5863	-0.2869	8.2996	8.5181	0.5829	1.0263
 1240	0.5855	-0.2868	8.2547	8.4744	0.5846	1.0266
 1250	0.5852	-0.2882	8.2111	8.4323	0.5864	1.0269
 1260	0.5849	-0.2880	8.1690	8.3974	0.5886	1.0280
 1270	0.5820	-0.2884	8.1307	8.3589	0.5906	1.0281
 1280	0.5808	-0.2892	8.0905	8.3205	0.5925	1.0284
 1290	0.5794	-0.2896	8.0575	8.2835	0.5945	1.0281
 1300	0.5765	-0.2907	8.0212	8.2420	0.5961	1.0275
 1310	0.5748	-0.2906	7.9847	8.2042	0.5979	1.0275
 1320	0.5745	-0.2926	7.9499	8.1602	0.5992	1.0264
 1330	0.5737	-0.2936	7.9166	8.1143	0.6004	1.0250
 1340	0.5721	-0.2939	7.8862	8.0687	0.6015	1.0231
 1350	0.5709	-0.2949	7.8561	8.0229	0.6025	1.0212
 1360	0.5716	-0.2949	7.8240	7.9734	0.6033	1.0191
 1370	0.5712	-0.2957	7.7918	7.9227	0.6038	1.0168
 1380	0.5693	-0.2954	7.7596	7.8770	0.6047	1.0151
 1390	0.5696	-0.2964	7.7258	7.8303	0.6055	1.0135
 1400	0.5686	-0.2980	7.6935	7.7827	0.6061	1.0116
 1410	0.5673	-0.2967	7.6590	7.7384	0.6070	1.0104
 1420	0.5657	-0.2986	7.6271	7.6947	0.6079	1.0089
 1430	0.5656	-0.2995	7.5939	7.6522	0.6088	1.0077
 1440	0.5632	-0.3017	7.5622	7.6126	0.6098	1.0067
 1450	0.5633	-0.3023	7.5317	7.5766	0.6112	1.0060
 1460	0.5587	-0.3021	7.4984	7.5402	0.6124	1.0056
 1470	0.5619	-0.3016	7.4690	7.5038	0.6136	1.0047
 1480	0.5600	-0.3017	7.4360	7.4680	0.6149	1.0043
 1490	0.5581	-0.3019	7.4039	7.4356	0.6163	1.0043
 1500	0.5572	-0.3028	7.3760	7.4015	0.6176	1.0035
 1510	0.5581	-0.3033	7.3480	7.3657	0.6187	1.0024
 1520	0.5575	-0.3041	7.3214	7.3334	0.6201	1.0016
 1530	0.5552	-0.3054	7.2976	7.3007	0.6214	1.0004
 1540	0.5537	-0.3050	7.2751	7.2621	0.6222	0.9982
 1550	0.5523	-0.3062	7.2519	7.2229	0.6228	0.9960
 1560	0.5503	-0.3062	7.2283	7.1861	0.6236	0.9942
 1570	0.5504	-0.3086	7.2074	7.1456	0.6241	0.9914
 1580	0.5496	-0.3087	7.1866	7.1075	0.6247	0.9890
 1590	0.5484	-0.3106	7.1663	7.0709	0.6254	0.9867
 1600	0.5472	-0.3118	7.1413	7.0341	0.6261	0.9850
 1610	0.5472	-0.3117	7.1161	7.0014	0.6271	0.9839
 1620	0.5456	-0.3134	7.0897	6.9658	0.6278	0.9825
 1630	0.5471	-0.3123	7.0677	6.9351	0.6289	0.9812
 1640	0.5460	-0.3112	7.0458	6.9055	0.6300	0.9801
 1650	0.5450	-0.3129	7.0258	6.8731	0.6309	0.9783
 1660	0.5444	-0.3141	7.0044	6.8397	0.6316	0.9765
 1670	0.5418	-0.3130	6.9853	6.8068	0.6324	0.9744
 1680	0.5391	-0.3148	6.9665	6.7754	0.6332	0.9726
 1690	0.5386	-0.3167	6.9451	6.7430	0.6340	0.9709
 1700	0.5387	-0.3173	6.9249	6.7058	0.6342	0.9684
 1710	0.5366	-0.3186	6.9031	6.6690	0.6344	0.9661
 1720	0.5377	-0.3199	6.8818	6.6288	0.6343	0.9632
 1730	0.5356	-0.3210	6.8624	6.5901	0.6342	0.9603
 1740	0.5357	-0.3218	6.8430	6.5494	0.6340	0.9571
 1750	0.5370	-0.3215	6.8221	6.5108	0.6339	0.9544
 1760	0.5377	-0.3213	6.8011	6.4731	0.6338	0.9518
 1770	0.5367	-0.3218	6.7804	6.4374	0.6339	0.9494
 1780	0.5363	-0.3230	6.7553	6.4020	0.6339	0.9477
 1790	0.5350	-0.3225	6.7304	6.3719	0.6345	0.9467
 1800	0.5340	-0.3244	6.7125	6.3393	0.6348	0.9444
 1810	0.5327	-0.3243	6.6917	6.3099	0.6354	0.9429
 1820	0.5313	-0.3261	6.6702	6.2842	0.6363	0.9421
 1830	0.5293	-0.3268	6.6520	6.2569	0.6370	0.9406
 1840	0.5275	-0.3270	6.6320	6.2284	0.6375	0.9391
 1850	0.5283	-0.3288	6.6114	6.2007	0.6382	0.9379
 1860	0.5275	-0.3283	6.5919	6.1752	0.6390	0.9368
 1870	0.5277	-0.3277	6.5724	6.1485	0.6396	0.9355
 1880	0.5261	-0.3296	6.5539	6.1232	0.6404	0.9343
 1890	0.5276	-0.3298	6.5328	6.0961	0.6410	0.9332
 1900	0.5273	-0.3293	6.5106	6.0647	0.6410	0.9315
 1910	0.5263	-0.3306	6.4898	6.0322	0.6410	0.9295
 1920	0.5252	-0.3311	6.4693	5.9994	0.6408	0.9274
 1930	0.5248	-0.3316	6.4493	5.9665	0.6406	0.9251
 1940	0.5228	-0.3295	6.4301	5.9322	0.6402	0.9226
 1950	0.5220	-0.3344	6.4133	5.8997	0.6400	0.9199
 1960	0.5213	-0.3344	6.3948	5.8658	0.6396	0.9173
 1970	0.5206	-0.3349	6.3781	5.8330	0.6393	0.9145
 1980	0.5207	-0.3367	6.3646	5.8027	0.6392	0.9117
 1990	0.5213	-0.3372	6.3465	5.7732	0.6391	0.9097
 2000	0.5219	-0.3380	6.3280	5.7436	0.6390	0.9076
 2010	0.5220	-0.3378	6.3084	5.7180	0.6394	0.9064
 2020	0.5211	-0.3380	6.2893	5.6933	0.6398	0.9052
 2030	0.5202	-0.3387	6.2728	5.6691	0.6402	0.9037
 2040	0.5180	-0.3375	6.2530	5.6464	0.6408	0.9030
 2050	0.5178	-0.3387	6.2339	5.6223	0.6412	0.9019
 2060	0.5164	-0.3400	6.2134	5.5996	0.6417	0.9012
 2070	0.5160	-0.3397	6.1918	5.5789	0.6424	0.9010
 2080	0.5141	-0.3395	6.1707	5.5561	0.6429	0.9004
 2090	0.5145	-0.3411	6.1492	5.5328	0.6433	0.8998
 2100	0.5116	-0.3411	6.1312	5.5095	0.6436	0.8986
 2110	0.5134	-0.3414	6.1119	5.4845	0.6438	0.8973
 2120	0.5138	-0.3410	6.0919	5.4589	0.6438	0.8961
 2130	0.5118	-0.3449	6.0729	5.4343	0.6439	0.8948
 2140	0.5134	-0.3430	6.0548	5.4082	0.6439	0.8932
 2150	0.5136	-0.3430	6.0368	5.3848	0.6441	0.8920
 2160	0.5130	-0.3428	6.0203	5.3650	0.6447	0.8911
 2170	0.5121	-0.3429	6.0039	5.3462	0.6454	0.8905
 2180	0.5109	-0.3444	5.9885	5.3274	0.6461	0.8896
 2190	0.5074	-0.3437	5.9725	5.3097	0.6469	0.8890
 2200	0.5075	-0.3467	5.9570	5.2922	0.6477	0.8884
 2210	0.5065	-0.3456	5.9393	5.2759	0.6487	0.8883
 2220	0.5039	-0.3451	5.9214	5.2596	0.6496	0.8882
 2230	0.5035	-0.3468	5.9054	5.2436	0.6505	0.8879
 2240	0.5044	-0.3477	5.8916	5.2267	0.6513	0.8871
 2250	0.5021	-0.3457	5.8756	5.2115	0.6523	0.8870
 2260	0.5028	-0.3484	5.8606	5.1933	0.6529	0.8861
 2270	0.5038	-0.3476	5.8479	5.1746	0.6535	0.8849
 2280	0.5024	-0.3464	5.8389	5.1570	0.6541	0.8832
 2290	0.5031	-0.3488	5.8246	5.1373	0.6545	0.8820
 2300	0.5020	-0.3483	5.8124	5.1178	0.6548	0.8805
 2310	0.4987	-0.3494	5.8003	5.0966	0.6549	0.8787
 2320	0.4976	-0.3494	5.7901	5.0753	0.6550	0.8766
 2330	0.4966	-0.3515	5.7800	5.0534	0.6550	0.8743
 2340	0.4960	-0.3535	5.7669	5.0338	0.6553	0.8729
 2350	0.4940	-0.3541	5.7581	5.0127	0.6553	0.8705
 2360	0.4943	-0.3528	5.7458	4.9955	0.6559	0.8694
 2370	0.4942	-0.3536	5.7346	4.9817	0.6568	0.8687
 2380	0.4945	-0.3545	5.7241	4.9648	0.6574	0.8673
 2390	0.4935	-0.3561	5.7123	4.9481	0.6579	0.8662
 2400	0.4945	-0.3540	5.6982	4.9353	0.6589	0.8661
 2410	0.4934	-0.3544	5.6866	4.9191	0.6595	0.8650
 2420	0.4934	-0.3551	5.6713	4.9040	0.6602	0.8647
 2430	0.4899	-0.3554	5.6565	4.8904	0.6611	0.8646
 2440	0.4891	-0.3554	5.6424	4.8757	0.6618	0.8641
 2450	0.4862	-0.3557	5.6277	4.8619	0.6627	0.8639
 2460	0.4858	-0.3564	5.6152	4.8492	0.6636	0.8636
 2470	0.4838	-0.3581	5.6030	4.8337	0.6642	0.8627
 2480	0.4843	-0.3593	5.5931	4.8164	0.6645	0.8611
 2490	0.4861	-0.3567	5.5830	4.7995	0.6648	0.8597
 2500	0.4845	-0.3601	5.5735	4.7849	0.6655	0.8585
 2510	0.4852	-0.3596	5.5616	4.7677	0.6657	0.8573
 2520	0.4829	-0.3583	5.5515	4.7522	0.6662	0.8560
 2530	0.4832	-0.3598	5.5451	4.7364	0.6666	0.8541
 2540	0.4831	-0.3614	5.5374	4.7191	0.6668	0.8522
 2550	0.4818	-0.3599	5.5284	4.7022	0.6671	0.8506
 2560	0.4799	-0.3625	5.5218	4.6856	0.6673	0.8486
 2570	0.4789	-0.3633	5.5138	4.6704	0.6677	0.8470
 2580	0.4772	-0.3641	5.5063	4.6561	0.6683	0.8456
 2590	0.4751	-0.3641	5.4990	4.6406	0.6686	0.8439
 2600	0.4750	-0.3651	5.4931	4.6259	0.6691	0.8421
 2610	0.4733	-0.3648	5.4874	4.6107	0.6695	0.8402
 2620	0.4732	-0.3661	5.4822	4.5964	0.6699	0.8384
 2630	0.4736	-0.3676	5.4736	4.5819	0.6704	0.8371
 2640	0.4741	-0.3677	5.4656	4.5697	0.6711	0.8361
 2650	0.4718	-0.3686	5.4630	4.5585	0.6720	0.8344
 2660	0.4740	-0.3689	5.4588	4.5490	0.6732	0.8333
 2670	0.4717	-0.3668	5.4540	4.5403	0.6744	0.8325
 2680	0.4679	-0.3695	5.4497	4.5302	0.6754	0.8313
 2690	0.4678	-0.3698	5.4474	4.5194	0.6763	0.8296
 2700	0.4652	-0.3715	5.4432	4.5066	0.6769	0.8279
 2710	0.4630	-0.3733	5.4405	4.4932	0.6774	0.8259
 2720	0.4609	-0.3721	5.4350	4.4790	0.6777	0.8241
 2730	0.4606	-0.3725	5.4295	4.4680	0.6786	0.8229
 2740	0.4600	-0.3738	5.4237	4.4572	0.6794	0.8218
 2750	0.4601	-0.3751	5.4178	4.4448	0.6800	0.8204
 2760	0.4596	-0.3760	5.4124	4.4339	0.6808	0.8192
 2770	0.4594	-0.3769	5.4066	4.4247	0.6818	0.8184
 2780	0.4611	-0.3754	5.4016	4.4151	0.6828	0.8174
 2790	0.4596	-0.3758	5.3953	4.4060	0.6839	0.8166
 2800	0.4581	-0.3770	5.3903	4.3956	0.6847	0.8155
 2810	0.4549	-0.3780	5.3847	4.3860	0.6856	0.8145
 2820	0.4539	-0.3775	5.3808	4.3773	0.6867	0.8135
 2830	0.4506	-0.3763	5.3806	4.3664	0.6874	0.8115
 2840	0.4467	-0.3786	5.3772	4.3554	0.6881	0.8100
 2850	0.4470	-0.3806	5.3762	4.3439	0.6887	0.8080
 2860	0.4455	-0.3815	5.3752	4.3328	0.6894	0.8061
 2870	0.4472	-0.3826	5.3725	4.3250	0.6905	0.8050
 2880	0.4452	-0.3822	5.3722	4.3163	0.6916	0.8035
 2890	0.4450	-0.3832	5.3728	4.3075	0.6925	0.8017
 2900	0.4461	-0.3849	5.3731	4.3003	0.6938	0.8003
 2910	0.4460	-0.3868	5.3724	4.2905	0.6946	0.7986
 2920	0.4431	-0.3852	5.3699	4.2801	0.6953	0.7970
 2930	0.4406	-0.3863	5.3674	4.2689	0.6958	0.7953
 2940	0.4386	-0.3856	5.3673	4.2589	0.6966	0.7935
 2950	0.4379	-0.3875	5.3697	4.2464	0.6969	0.7908
 2960	0.4331	-0.3873	5.3737	4.2339	0.6972	0.7879
 2970	0.4318	-0.3891	5.3783	4.2226	0.6977	0.7851
 2980	0.4299	-0.3920	5.3857	4.2147	0.6987	0.7826
 2990	0.4291	-0.3916	5.3957	4.2041	0.6993	0.7792
 3000	0.4300	-0.3943	5.4056	4.1929	0.6998	0.7757
