; Name : DAK 12 Ethanol 10 deg.C 2024-Nov-15 11:13:37
; Date : 2024-Nov-15 11:13:37
; Temperature(C) : 10
; Probe : DAK 12
; Network Analyzer : Hewlett Packard / Agilent Technologies 87XX
; Originally imported from : 
; Notes : 
;
; MHz  ReflR  ReflI  EpsR  EpsI  Sigma  TanD
;
   50	0.9921	-0.0604	29.6613	3.0227	0.0084	0.1019
   60	0.9913	-0.0721	29.3807	3.5268	0.0118	0.1200
   70	0.9885	-0.0815	29.0823	4.0833	0.0159	0.1404
   80	0.9818	-0.0918	28.7767	4.5456	0.0202	0.1580
   90	0.9790	-0.1021	28.4689	4.9604	0.0248	0.1742
  100	0.9730	-0.1139	28.1684	5.4214	0.0302	0.1925
  110	0.9668	-0.1228	27.8772	5.8669	0.0359	0.2105
  120	0.9607	-0.1308	27.6111	6.3267	0.0422	0.2291
  130	0.9533	-0.1397	27.3221	6.8328	0.0494	0.2501
  140	0.9479	-0.1503	27.0165	7.3811	0.0575	0.2732
  150	0.9419	-0.1580	26.7225	7.9233	0.0661	0.2965
  160	0.9320	-0.1643	26.4359	8.4591	0.0753	0.3200
  170	0.9254	-0.1703	26.1046	8.9753	0.0849	0.3438
  180	0.9171	-0.1765	25.7602	9.4670	0.0948	0.3675
  190	0.9091	-0.1812	25.3708	9.8912	0.1045	0.3899
  200	0.9037	-0.1880	24.9833	10.2824	0.1144	0.4116
  210	0.8972	-0.1938	24.5638	10.6295	0.1242	0.4327
  220	0.8857	-0.1976	24.1007	10.9588	0.1341	0.4547
  230	0.8785	-0.2005	23.6572	11.2669	0.1442	0.4763
  240	0.8720	-0.2045	23.2223	11.5372	0.1540	0.4968
  250	0.8643	-0.2076	22.7968	11.7963	0.1641	0.5175
  260	0.8568	-0.2096	22.3398	12.0345	0.1741	0.5387
  270	0.8506	-0.2136	21.8866	12.2569	0.1841	0.5600
  280	0.8452	-0.2157	21.4601	12.4580	0.1941	0.5805
  290	0.8370	-0.2164	21.0456	12.6303	0.2038	0.6001
  300	0.8315	-0.2187	20.6170	12.7942	0.2135	0.6206
  310	0.8251	-0.2191	20.1929	12.9491	0.2233	0.6413
  320	0.8180	-0.2185	19.7753	13.0720	0.2327	0.6610
  330	0.8119	-0.2221	19.3722	13.1826	0.2420	0.6805
  340	0.8064	-0.2234	18.9721	13.2687	0.2510	0.6994
  350	0.7988	-0.2234	18.5945	13.3262	0.2595	0.7167
  360	0.7940	-0.2242	18.2205	13.3742	0.2678	0.7340
  370	0.7889	-0.2241	17.8462	13.4196	0.2762	0.7520
  380	0.7847	-0.2241	17.4763	13.4358	0.2840	0.7688
  390	0.7796	-0.2257	17.1117	13.4379	0.2916	0.7853
  400	0.7756	-0.2258	16.7509	13.4281	0.2988	0.8016
  410	0.7720	-0.2253	16.3963	13.4066	0.3058	0.8177
  420	0.7675	-0.2244	16.0592	13.3797	0.3126	0.8331
  430	0.7636	-0.2244	15.7113	13.3495	0.3193	0.8497
  440	0.7602	-0.2233	15.3720	13.3232	0.3261	0.8667
  450	0.7561	-0.2224	15.0444	13.2897	0.3327	0.8834
  460	0.7524	-0.2222	14.7222	13.2548	0.3392	0.9003
  470	0.7490	-0.2219	14.4157	13.2202	0.3457	0.9171
  480	0.7445	-0.2217	14.1352	13.1872	0.3521	0.9329
  490	0.7406	-0.2202	13.8522	13.1494	0.3584	0.9493
  500	0.7368	-0.2199	13.5787	13.1189	0.3649	0.9661
  510	0.7335	-0.2196	13.3141	13.0799	0.3711	0.9824
  520	0.7302	-0.2188	13.0614	13.0320	0.3770	0.9977
  530	0.7268	-0.2197	12.8225	12.9750	0.3826	1.0119
  540	0.7238	-0.2178	12.5934	12.9119	0.3879	1.0253
  550	0.7219	-0.2171	12.3667	12.8453	0.3930	1.0387
  560	0.7202	-0.2167	12.1435	12.7652	0.3977	1.0512
  570	0.7163	-0.2178	11.9260	12.6791	0.4021	1.0631
  580	0.7145	-0.2151	11.7119	12.5831	0.4060	1.0744
  590	0.7120	-0.2148	11.5023	12.4812	0.4097	1.0851
  600	0.7094	-0.2141	11.2978	12.3740	0.4130	1.0953
  610	0.7084	-0.2139	11.0981	12.2635	0.4162	1.1050
  620	0.7072	-0.2143	10.9056	12.1549	0.4192	1.1146
  630	0.7042	-0.2143	10.7092	12.0524	0.4224	1.1254
  640	0.7045	-0.2130	10.5184	11.9471	0.4254	1.1358
  650	0.7023	-0.2124	10.3363	11.8498	0.4285	1.1464
  660	0.7002	-0.2105	10.1634	11.7530	0.4315	1.1564
  670	0.6993	-0.2107	9.9949	11.6618	0.4347	1.1668
  680	0.6979	-0.2110	9.8331	11.5733	0.4378	1.1770
  690	0.6968	-0.2094	9.6741	11.4852	0.4409	1.1872
  700	0.6932	-0.2087	9.5234	11.3966	0.4438	1.1967
  710	0.6922	-0.2083	9.3813	11.3064	0.4466	1.2052
  720	0.6902	-0.2080	9.2458	11.2229	0.4495	1.2138
  730	0.6888	-0.2068	9.1074	11.1381	0.4523	1.2230
  740	0.6867	-0.2076	8.9772	11.0487	0.4548	1.2307
  750	0.6859	-0.2076	8.8497	10.9541	0.4570	1.2378
  760	0.6852	-0.2074	8.7314	10.8575	0.4591	1.2435
  770	0.6835	-0.2092	8.6165	10.7616	0.4610	1.2490
  780	0.6826	-0.2062	8.5053	10.6655	0.4628	1.2540
  790	0.6834	-0.2070	8.3923	10.5601	0.4641	1.2583
  800	0.6815	-0.2059	8.2850	10.4632	0.4657	1.2629
  810	0.6812	-0.2072	8.1805	10.3657	0.4671	1.2671
  820	0.6800	-0.2064	8.0813	10.2659	0.4683	1.2703
  830	0.6791	-0.2051	7.9861	10.1667	0.4694	1.2730
  840	0.6781	-0.2060	7.8937	10.0782	0.4710	1.2767
  850	0.6767	-0.2057	7.8046	9.9916	0.4725	1.2802
  860	0.6768	-0.2067	7.7174	9.9064	0.4740	1.2836
  870	0.6749	-0.2066	7.6325	9.8278	0.4757	1.2876
  880	0.6729	-0.2074	7.5492	9.7507	0.4773	1.2916
  890	0.6727	-0.2073	7.4742	9.6750	0.4790	1.2944
  900	0.6733	-0.2065	7.3988	9.5986	0.4806	1.2973
  910	0.6714	-0.2078	7.3268	9.5237	0.4821	1.2998
  920	0.6700	-0.2068	7.2597	9.4473	0.4835	1.3013
  930	0.6687	-0.2072	7.1837	9.3707	0.4848	1.3044
  940	0.6698	-0.2073	7.1167	9.2873	0.4857	1.3050
  950	0.6677	-0.2070	7.0503	9.2033	0.4864	1.3054
  960	0.6667	-0.2075	6.9834	9.1176	0.4869	1.3056
  970	0.6665	-0.2067	6.9156	9.0302	0.4873	1.3058
  980	0.6676	-0.2075	6.8477	8.9455	0.4877	1.3063
  990	0.6648	-0.2090	6.7863	8.8609	0.4880	1.3057
 1000	0.6662	-0.2094	6.7241	8.7782	0.4883	1.3055
 1010	0.6659	-0.2100	6.6673	8.6957	0.4886	1.3042
 1020	0.6652	-0.2098	6.6119	8.6213	0.4892	1.3039
 1030	0.6652	-0.2097	6.5594	8.5508	0.4900	1.3036
 1040	0.6648	-0.2105	6.5056	8.4817	0.4907	1.3037
 1050	0.6645	-0.2098	6.4516	8.4122	0.4914	1.3039
 1060	0.6631	-0.2098	6.4020	8.3515	0.4925	1.3045
 1070	0.6622	-0.2110	6.3522	8.2925	0.4936	1.3054
 1080	0.6603	-0.2096	6.3057	8.2362	0.4948	1.3061
 1090	0.6591	-0.2110	6.2608	8.1773	0.4959	1.3061
 1100	0.6589	-0.2127	6.2171	8.1217	0.4970	1.3063
 1110	0.6575	-0.2116	6.1759	8.0629	0.4979	1.3055
 1120	0.6581	-0.2133	6.1345	8.0013	0.4985	1.3043
 1130	0.6570	-0.2128	6.0981	7.9382	0.4990	1.3018
 1140	0.6564	-0.2140	6.0638	7.8769	0.4996	1.2990
 1150	0.6565	-0.2135	6.0272	7.8100	0.4997	1.2958
 1160	0.6570	-0.2150	5.9906	7.7438	0.4997	1.2927
 1170	0.6565	-0.2155	5.9524	7.6794	0.4998	1.2901
 1180	0.6554	-0.2164	5.9153	7.6160	0.5000	1.2875
 1190	0.6543	-0.2171	5.8811	7.5517	0.4999	1.2841
 1200	0.6559	-0.2173	5.8441	7.4894	0.5000	1.2815
 1210	0.6547	-0.2170	5.8104	7.4321	0.5003	1.2791
 1220	0.6547	-0.2179	5.7765	7.3761	0.5006	1.2769
 1230	0.6529	-0.2177	5.7439	7.3235	0.5011	1.2750
 1240	0.6524	-0.2190	5.7142	7.2691	0.5014	1.2721
 1250	0.6520	-0.2191	5.6834	7.2171	0.5019	1.2699
 1260	0.6515	-0.2202	5.6525	7.1682	0.5025	1.2681
 1270	0.6515	-0.2206	5.6239	7.1169	0.5028	1.2655
 1280	0.6505	-0.2217	5.5959	7.0686	0.5033	1.2632
 1290	0.6500	-0.2223	5.5703	7.0207	0.5038	1.2604
 1300	0.6497	-0.2230	5.5429	6.9715	0.5042	1.2577
 1310	0.6500	-0.2235	5.5187	6.9217	0.5044	1.2542
 1320	0.6493	-0.2232	5.4959	6.8712	0.5046	1.2503
 1330	0.6476	-0.2236	5.4729	6.8232	0.5048	1.2467
 1340	0.6478	-0.2256	5.4505	6.7718	0.5048	1.2424
 1350	0.6481	-0.2257	5.4275	6.7202	0.5047	1.2382
 1360	0.6466	-0.2269	5.4063	6.6707	0.5047	1.2339
 1370	0.6466	-0.2267	5.3842	6.6193	0.5045	1.2294
 1380	0.6456	-0.2288	5.3622	6.5734	0.5046	1.2259
 1390	0.6466	-0.2296	5.3404	6.5258	0.5046	1.2220
 1400	0.6461	-0.2291	5.3169	6.4806	0.5047	1.2189
 1410	0.6452	-0.2305	5.2949	6.4357	0.5048	1.2155
 1420	0.6457	-0.2306	5.2726	6.3906	0.5048	1.2120
 1430	0.6454	-0.2321	5.2516	6.3481	0.5050	1.2088
 1440	0.6439	-0.2329	5.2298	6.3059	0.5052	1.2058
 1450	0.6437	-0.2327	5.2095	6.2656	0.5054	1.2027
 1460	0.6428	-0.2329	5.1892	6.2277	0.5058	1.2001
 1470	0.6432	-0.2344	5.1705	6.1907	0.5063	1.1973
 1480	0.6414	-0.2335	5.1526	6.1543	0.5067	1.1944
 1490	0.6421	-0.2346	5.1370	6.1142	0.5068	1.1902
 1500	0.6402	-0.2354	5.1200	6.0761	0.5070	1.1867
 1510	0.6396	-0.2375	5.1043	6.0400	0.5074	1.1833
 1520	0.6409	-0.2382	5.0866	6.0049	0.5078	1.1805
 1530	0.6390	-0.2392	5.0735	5.9684	0.5080	1.1764
 1540	0.6391	-0.2401	5.0578	5.9319	0.5082	1.1728
 1550	0.6380	-0.2403	5.0435	5.8967	0.5085	1.1692
 1560	0.6374	-0.2411	5.0331	5.8629	0.5088	1.1649
 1570	0.6377	-0.2420	5.0203	5.8277	0.5090	1.1608
 1580	0.6370	-0.2427	5.0109	5.7928	0.5092	1.1560
 1590	0.6373	-0.2428	5.0010	5.7591	0.5094	1.1516
 1600	0.6364	-0.2440	4.9898	5.7240	0.5095	1.1471
 1610	0.6345	-0.2445	4.9789	5.6893	0.5096	1.1427
 1620	0.6338	-0.2464	4.9686	5.6513	0.5093	1.1374
 1630	0.6330	-0.2468	4.9566	5.6158	0.5092	1.1330
 1640	0.6337	-0.2490	4.9457	5.5776	0.5089	1.1278
 1650	0.6334	-0.2504	4.9344	5.5432	0.5088	1.1234
 1660	0.6335	-0.2514	4.9239	5.5069	0.5086	1.1184
 1670	0.6327	-0.2507	4.9118	5.4702	0.5082	1.1137
 1680	0.6332	-0.2528	4.8995	5.4362	0.5081	1.1095
 1690	0.6329	-0.2524	4.8863	5.4029	0.5080	1.1057
 1700	0.6334	-0.2534	4.8748	5.3696	0.5078	1.1015
 1710	0.6314	-0.2548	4.8622	5.3371	0.5077	1.0977
 1720	0.6316	-0.2540	4.8491	5.3054	0.5076	1.0941
 1730	0.6310	-0.2554	4.8359	5.2737	0.5076	1.0905
 1740	0.6301	-0.2561	4.8226	5.2435	0.5076	1.0873
 1750	0.6295	-0.2569	4.8101	5.2154	0.5077	1.0843
 1760	0.6280	-0.2574	4.7983	5.1873	0.5079	1.0811
 1770	0.6287	-0.2593	4.7876	5.1606	0.5082	1.0779
 1780	0.6279	-0.2604	4.7777	5.1347	0.5085	1.0747
 1790	0.6284	-0.2617	4.7671	5.1070	0.5086	1.0713
 1800	0.6271	-0.2615	4.7578	5.0828	0.5090	1.0683
 1810	0.6265	-0.2624	4.7487	5.0599	0.5095	1.0655
 1820	0.6261	-0.2633	4.7396	5.0379	0.5101	1.0629
 1830	0.6262	-0.2633	4.7327	5.0157	0.5106	1.0598
 1840	0.6246	-0.2629	4.7240	4.9952	0.5113	1.0574
 1850	0.6242	-0.2657	4.7175	4.9729	0.5118	1.0541
 1860	0.6230	-0.2659	4.7133	4.9476	0.5119	1.0497
 1870	0.6213	-0.2665	4.7067	4.9211	0.5119	1.0455
 1880	0.6213	-0.2683	4.7017	4.8930	0.5117	1.0407
 1890	0.6199	-0.2696	4.6972	4.8652	0.5115	1.0358
 1900	0.6194	-0.2703	4.6941	4.8374	0.5113	1.0305
 1910	0.6206	-0.2724	4.6896	4.8067	0.5107	1.0250
 1920	0.6198	-0.2730	4.6860	4.7752	0.5101	1.0190
 1930	0.6192	-0.2754	4.6814	4.7446	0.5094	1.0135
 1940	0.6216	-0.2750	4.6744	4.7145	0.5088	1.0086
 1950	0.6209	-0.2764	4.6666	4.6848	0.5082	1.0039
 1960	0.6207	-0.2775	4.6596	4.6559	0.5077	0.9992
 1970	0.6208	-0.2787	4.6508	4.6274	0.5071	0.9950
 1980	0.6195	-0.2793	4.6402	4.6015	0.5069	0.9917
 1990	0.6176	-0.2785	4.6316	4.5767	0.5067	0.9881
 2000	0.6160	-0.2788	4.6244	4.5532	0.5066	0.9846
 2010	0.6169	-0.2818	4.6141	4.5332	0.5069	0.9825
 2020	0.6161	-0.2820	4.6045	4.5143	0.5073	0.9804
 2030	0.6167	-0.2823	4.5956	4.4956	0.5077	0.9782
 2040	0.6159	-0.2832	4.5883	4.4789	0.5083	0.9762
 2050	0.6136	-0.2848	4.5807	4.4619	0.5088	0.9741
 2060	0.6155	-0.2853	4.5731	4.4434	0.5092	0.9716
 2070	0.6138	-0.2863	4.5650	4.4259	0.5097	0.9695
 2080	0.6131	-0.2872	4.5580	4.4065	0.5099	0.9668
 2090	0.6120	-0.2863	4.5485	4.3857	0.5099	0.9642
 2100	0.6123	-0.2873	4.5418	4.3655	0.5100	0.9612
 2110	0.6105	-0.2887	4.5355	4.3440	0.5099	0.9578
 2120	0.6105	-0.2894	4.5305	4.3231	0.5099	0.9542
 2130	0.6093	-0.2890	4.5250	4.3039	0.5100	0.9511
 2140	0.6094	-0.2919	4.5191	4.2853	0.5102	0.9483
 2150	0.6083	-0.2935	4.5154	4.2657	0.5102	0.9447
 2160	0.6081	-0.2934	4.5128	4.2438	0.5099	0.9404
 2170	0.6083	-0.2944	4.5083	4.2244	0.5100	0.9370
 2180	0.6083	-0.2950	4.5060	4.2055	0.5100	0.9333
 2190	0.6072	-0.2973	4.5046	4.1867	0.5101	0.9294
 2200	0.6062	-0.2986	4.5052	4.1679	0.5101	0.9251
 2210	0.6057	-0.2996	4.5036	4.1466	0.5098	0.9207
 2220	0.6049	-0.3000	4.5033	4.1273	0.5097	0.9165
 2230	0.6040	-0.3014	4.5018	4.1075	0.5096	0.9124
 2240	0.6031	-0.3017	4.4998	4.0870	0.5093	0.9083
 2250	0.6023	-0.3028	4.4993	4.0653	0.5089	0.9035
 2260	0.6024	-0.3041	4.4976	4.0450	0.5086	0.8994
 2270	0.6016	-0.3063	4.4945	4.0234	0.5081	0.8952
 2280	0.6014	-0.3072	4.4902	4.0021	0.5076	0.8913
 2290	0.6016	-0.3080	4.4859	3.9807	0.5071	0.8874
 2300	0.6013	-0.3097	4.4796	3.9598	0.5067	0.8840
 2310	0.6020	-0.3111	4.4709	3.9398	0.5063	0.8812
 2320	0.6020	-0.3104	4.4633	3.9196	0.5059	0.8782
 2330	0.6001	-0.3117	4.4545	3.9014	0.5057	0.8758
 2340	0.6002	-0.3114	4.4465	3.8841	0.5056	0.8735
 2350	0.5988	-0.3129	4.4375	3.8687	0.5058	0.8718
 2360	0.5988	-0.3127	4.4289	3.8550	0.5061	0.8704
 2370	0.5977	-0.3132	4.4195	3.8425	0.5066	0.8694
 2380	0.5969	-0.3127	4.4119	3.8315	0.5073	0.8684
 2390	0.5966	-0.3138	4.4040	3.8217	0.5081	0.8678
 2400	0.5954	-0.3158	4.3973	3.8124	0.5090	0.8670
 2410	0.5941	-0.3156	4.3927	3.8030	0.5099	0.8658
 2420	0.5934	-0.3172	4.3895	3.7927	0.5106	0.8641
 2430	0.5931	-0.3183	4.3871	3.7842	0.5116	0.8626
 2440	0.5914	-0.3181	4.3856	3.7741	0.5123	0.8606
 2450	0.5912	-0.3193	4.3854	3.7638	0.5130	0.8582
 2460	0.5899	-0.3194	4.3855	3.7509	0.5133	0.8553
 2470	0.5888	-0.3219	4.3854	3.7372	0.5135	0.8522
 2480	0.5876	-0.3221	4.3867	3.7238	0.5138	0.8489
 2490	0.5872	-0.3232	4.3862	3.7082	0.5137	0.8454
 2500	0.5866	-0.3240	4.3855	3.6916	0.5134	0.8418
 2510	0.5851	-0.3260	4.3842	3.6734	0.5129	0.8379
 2520	0.5856	-0.3266	4.3827	3.6543	0.5123	0.8338
 2530	0.5845	-0.3289	4.3811	3.6355	0.5117	0.8298
 2540	0.5848	-0.3298	4.3795	3.6159	0.5109	0.8257
 2550	0.5847	-0.3302	4.3783	3.5977	0.5104	0.8217
 2560	0.5842	-0.3319	4.3759	3.5802	0.5099	0.8182
 2570	0.5861	-0.3331	4.3731	3.5635	0.5095	0.8149
 2580	0.5836	-0.3336	4.3694	3.5468	0.5091	0.8117
 2590	0.5836	-0.3343	4.3655	3.5315	0.5088	0.8090
 2600	0.5818	-0.3343	4.3612	3.5164	0.5086	0.8063
 2610	0.5814	-0.3357	4.3554	3.5031	0.5086	0.8043
 2620	0.5814	-0.3373	4.3507	3.4904	0.5087	0.8023
 2630	0.5793	-0.3379	4.3443	3.4783	0.5089	0.8007
 2640	0.5786	-0.3383	4.3385	3.4668	0.5092	0.7991
 2650	0.5783	-0.3377	4.3331	3.4564	0.5096	0.7977
 2660	0.5776	-0.3392	4.3288	3.4469	0.5101	0.7963
 2670	0.5781	-0.3402	4.3230	3.4373	0.5106	0.7951
 2680	0.5770	-0.3413	4.3190	3.4280	0.5111	0.7937
 2690	0.5772	-0.3415	4.3150	3.4179	0.5115	0.7921
 2700	0.5759	-0.3423	4.3113	3.4076	0.5118	0.7904
 2710	0.5751	-0.3434	4.3097	3.3965	0.5121	0.7881
 2720	0.5733	-0.3429	4.3070	3.3840	0.5121	0.7857
 2730	0.5729	-0.3440	4.3053	3.3738	0.5124	0.7836
 2740	0.5716	-0.3459	4.3030	3.3623	0.5125	0.7814
 2750	0.5705	-0.3474	4.3015	3.3505	0.5126	0.7789
 2760	0.5700	-0.3473	4.3009	3.3378	0.5125	0.7761
 2770	0.5686	-0.3486	4.3008	3.3257	0.5125	0.7733
 2780	0.5691	-0.3497	4.3006	3.3142	0.5126	0.7706
 2790	0.5686	-0.3511	4.3002	3.3033	0.5127	0.7682
 2800	0.5681	-0.3526	4.2991	3.2922	0.5128	0.7658
 2810	0.5672	-0.3539	4.2990	3.2810	0.5129	0.7632
 2820	0.5669	-0.3535	4.2980	3.2688	0.5128	0.7605
 2830	0.5660	-0.3540	4.2971	3.2579	0.5129	0.7582
 2840	0.5650	-0.3556	4.2969	3.2467	0.5129	0.7556
 2850	0.5641	-0.3557	4.2967	3.2358	0.5130	0.7531
 2860	0.5620	-0.3580	4.2960	3.2244	0.5130	0.7506
 2870	0.5619	-0.3589	4.2954	3.2128	0.5130	0.7480
 2880	0.5603	-0.3600	4.2941	3.1998	0.5127	0.7452
 2890	0.5596	-0.3602	4.2924	3.1856	0.5122	0.7421
 2900	0.5600	-0.3616	4.2902	3.1719	0.5117	0.7393
 2910	0.5598	-0.3626	4.2870	3.1580	0.5112	0.7367
 2920	0.5590	-0.3635	4.2846	3.1449	0.5109	0.7340
 2930	0.5600	-0.3651	4.2811	3.1311	0.5104	0.7314
 2940	0.5585	-0.3661	4.2776	3.1196	0.5102	0.7293
 2950	0.5585	-0.3667	4.2733	3.1098	0.5104	0.7277
 2960	0.5572	-0.3670	4.2682	3.1019	0.5108	0.7268
 2970	0.5579	-0.3673	4.2616	3.0966	0.5116	0.7266
 2980	0.5565	-0.3666	4.2561	3.0934	0.5128	0.7268
 2990	0.5543	-0.3682	4.2508	3.0906	0.5141	0.7271
 3000	0.5528	-0.3680	4.2462	3.0891	0.5155	0.7275
