; Name : DAK 12 Ethanol 10 deg.C 2024-Nov-01 15:29:40
; Date : 2024-Nov-01 15:29:40
; Temperature(C) : 10
; Probe : DAK 12
; Network Analyzer : Hewlett Packard / Agilent Technologies 87XX
; Originally imported from : 
; Notes : 
;
; MHz  ReflR  ReflI  EpsR  EpsI  Sigma  TanD
;
   50	0.9924	-0.0598	29.3638	2.9041	0.0081	0.0989
   60	0.9891	-0.0713	28.9706	3.8726	0.0129	0.1337
   70	0.9839	-0.0798	28.5669	4.7536	0.0185	0.1664
   80	0.9792	-0.0902	28.1434	5.4015	0.0240	0.1919
   90	0.9781	-0.0985	27.7294	5.9793	0.0299	0.2156
  100	0.9684	-0.1092	27.2872	6.5907	0.0367	0.2415
  110	0.9627	-0.1179	26.8696	7.1709	0.0439	0.2669
  120	0.9547	-0.1266	26.4157	7.7033	0.0514	0.2916
  130	0.9482	-0.1336	25.9759	8.2769	0.0599	0.3186
  140	0.9413	-0.1391	25.5430	8.7884	0.0684	0.3441
  150	0.9342	-0.1475	25.1175	9.2819	0.0775	0.3695
  160	0.9262	-0.1518	24.6861	9.7824	0.0871	0.3963
  170	0.9220	-0.1589	24.1998	10.1795	0.0963	0.4206
  180	0.9129	-0.1616	23.7172	10.5793	0.1059	0.4461
  190	0.9015	-0.1643	23.1987	10.9103	0.1153	0.4703
  200	0.9002	-0.1691	22.7034	11.1989	0.1246	0.4933
  210	0.8916	-0.1738	22.1890	11.4360	0.1336	0.5154
  220	0.8855	-0.1781	21.6295	11.6312	0.1424	0.5377
  230	0.8818	-0.1807	21.1074	11.7910	0.1509	0.5586
  240	0.8743	-0.1833	20.5820	11.9011	0.1589	0.5782
  250	0.8675	-0.1835	20.1055	12.0211	0.1672	0.5979
  260	0.8603	-0.1866	19.6220	12.1185	0.1753	0.6176
  270	0.8577	-0.1876	19.1640	12.1999	0.1832	0.6366
  280	0.8485	-0.1886	18.7036	12.2737	0.1912	0.6562
  290	0.8474	-0.1892	18.2730	12.3342	0.1990	0.6750
  300	0.8426	-0.1926	17.8803	12.3902	0.2068	0.6930
  310	0.8359	-0.1924	17.4898	12.4221	0.2142	0.7102
  320	0.8329	-0.1931	17.1261	12.4401	0.2215	0.7264
  330	0.8257	-0.1944	16.7579	12.4638	0.2288	0.7438
  340	0.8228	-0.1967	16.4181	12.4677	0.2358	0.7594
  350	0.8166	-0.1972	16.0971	12.4262	0.2420	0.7720
  360	0.8122	-0.1995	15.7952	12.3762	0.2479	0.7835
  370	0.8089	-0.1999	15.4894	12.2994	0.2532	0.7941
  380	0.8036	-0.2013	15.1803	12.2134	0.2582	0.8046
  390	0.8020	-0.2024	14.8764	12.1295	0.2632	0.8154
  400	0.8000	-0.2025	14.5685	12.0425	0.2680	0.8266
  410	0.7967	-0.2018	14.2714	11.9431	0.2724	0.8369
  420	0.7957	-0.2030	13.9757	11.8306	0.2764	0.8465
  430	0.7928	-0.2007	13.6843	11.7389	0.2808	0.8578
  440	0.7906	-0.2020	13.4034	11.6387	0.2849	0.8683
  450	0.7866	-0.2007	13.1407	11.5485	0.2891	0.8788
  460	0.7856	-0.2023	12.8843	11.4669	0.2934	0.8900
  470	0.7820	-0.2024	12.6495	11.3837	0.2976	0.8999
  480	0.7790	-0.2022	12.4352	11.3179	0.3022	0.9101
  490	0.7751	-0.2040	12.2370	11.2398	0.3064	0.9185
  500	0.7707	-0.2042	12.0508	11.1796	0.3110	0.9277
  510	0.7688	-0.2058	11.8778	11.1202	0.3155	0.9362
  520	0.7670	-0.2056	11.7087	11.0544	0.3198	0.9441
  530	0.7638	-0.2065	11.5535	10.9870	0.3239	0.9510
  540	0.7617	-0.2073	11.3998	10.9112	0.3278	0.9571
  550	0.7586	-0.2078	11.2472	10.8252	0.3312	0.9625
  560	0.7579	-0.2069	11.0975	10.7292	0.3343	0.9668
  570	0.7575	-0.2101	10.9467	10.6186	0.3367	0.9700
  580	0.7556	-0.2082	10.7895	10.5056	0.3390	0.9737
  590	0.7518	-0.2093	10.6373	10.3851	0.3409	0.9763
  600	0.7511	-0.2082	10.4837	10.2635	0.3426	0.9790
  610	0.7499	-0.2092	10.3373	10.1384	0.3440	0.9808
  620	0.7487	-0.2110	10.1955	10.0243	0.3458	0.9832
  630	0.7465	-0.2112	10.0540	9.9137	0.3475	0.9860
  640	0.7479	-0.2128	9.9229	9.8150	0.3495	0.9891
  650	0.7463	-0.2136	9.7920	9.7247	0.3516	0.9931
  660	0.7443	-0.2130	9.6702	9.6376	0.3539	0.9966
  670	0.7443	-0.2127	9.5545	9.5526	0.3561	0.9998
  680	0.7430	-0.2130	9.4547	9.4793	0.3586	1.0026
  690	0.7392	-0.2126	9.3568	9.4070	0.3611	1.0054
  700	0.7373	-0.2131	9.2616	9.3397	0.3637	1.0084
  710	0.7350	-0.2151	9.1726	9.2661	0.3660	1.0102
  720	0.7334	-0.2154	9.0898	9.1906	0.3681	1.0111
  730	0.7314	-0.2170	8.9994	9.1123	0.3701	1.0125
  740	0.7303	-0.2167	8.9224	9.0325	0.3718	1.0123
  750	0.7296	-0.2184	8.8368	8.9466	0.3733	1.0124
  760	0.7286	-0.2193	8.7607	8.8594	0.3746	1.0113
  770	0.7272	-0.2222	8.6855	8.7635	0.3754	1.0090
  780	0.7281	-0.2223	8.6080	8.6685	0.3761	1.0070
  790	0.7271	-0.2229	8.5316	8.5661	0.3765	1.0040
  800	0.7268	-0.2220	8.4571	8.4741	0.3771	1.0020
  810	0.7256	-0.2216	8.3758	8.3842	0.3778	1.0010
  820	0.7270	-0.2225	8.2999	8.3001	0.3786	1.0000
  830	0.7245	-0.2250	8.2255	8.2283	0.3799	1.0003
  840	0.7239	-0.2250	8.1560	8.1676	0.3817	1.0014
  850	0.7215	-0.2244	8.0900	8.1080	0.3834	1.0022
  860	0.7191	-0.2270	8.0296	8.0546	0.3854	1.0031
  870	0.7168	-0.2267	7.9721	8.0066	0.3875	1.0043
  880	0.7172	-0.2270	7.9196	7.9580	0.3896	1.0048
  890	0.7153	-0.2308	7.8682	7.9095	0.3916	1.0052
  900	0.7138	-0.2298	7.8234	7.8599	0.3935	1.0047
  910	0.7108	-0.2312	7.7802	7.8106	0.3954	1.0039
  920	0.7113	-0.2320	7.7410	7.7521	0.3968	1.0014
  930	0.7097	-0.2323	7.6953	7.6867	0.3977	0.9989
  940	0.7099	-0.2330	7.6502	7.6236	0.3987	0.9965
  950	0.7080	-0.2351	7.6049	7.5506	0.3990	0.9929
  960	0.7093	-0.2346	7.5584	7.4721	0.3991	0.9886
  970	0.7081	-0.2374	7.5123	7.3883	0.3987	0.9835
  980	0.7073	-0.2375	7.4674	7.3053	0.3983	0.9783
  990	0.7062	-0.2393	7.4147	7.2212	0.3977	0.9739
 1000	0.7071	-0.2398	7.3593	7.1462	0.3976	0.9710
 1010	0.7069	-0.2402	7.3086	7.0757	0.3976	0.9681
 1020	0.7055	-0.2415	7.2535	7.0158	0.3981	0.9672
 1030	0.7062	-0.2425	7.2014	6.9580	0.3987	0.9662
 1040	0.7059	-0.2433	7.1590	6.9131	0.4000	0.9656
 1050	0.7049	-0.2436	7.1130	6.8789	0.4018	0.9671
 1060	0.7023	-0.2429	7.0760	6.8479	0.4038	0.9678
 1070	0.7022	-0.2438	7.0370	6.8198	0.4060	0.9691
 1080	0.7015	-0.2436	7.0035	6.7946	0.4082	0.9702
 1090	0.6969	-0.2431	6.9741	6.7649	0.4102	0.9700
 1100	0.6951	-0.2462	6.9490	6.7343	0.4121	0.9691
 1110	0.6931	-0.2470	6.9238	6.6972	0.4136	0.9673
 1120	0.6906	-0.2484	6.8992	6.6545	0.4146	0.9645
 1130	0.6899	-0.2510	6.8720	6.6052	0.4152	0.9612
 1140	0.6909	-0.2531	6.8479	6.5490	0.4153	0.9564
 1150	0.6908	-0.2531	6.8186	6.4867	0.4150	0.9513
 1160	0.6917	-0.2552	6.7887	6.4218	0.4144	0.9460
 1170	0.6910	-0.2549	6.7577	6.3552	0.4136	0.9404
 1180	0.6934	-0.2553	6.7245	6.2846	0.4126	0.9346
 1190	0.6931	-0.2567	6.6860	6.2179	0.4116	0.9300
 1200	0.6924	-0.2565	6.6478	6.1568	0.4110	0.9261
 1210	0.6932	-0.2589	6.6072	6.1018	0.4107	0.9235
 1220	0.6920	-0.2572	6.5678	6.0480	0.4105	0.9209
 1230	0.6908	-0.2585	6.5271	6.0032	0.4108	0.9197
 1240	0.6903	-0.2595	6.4881	5.9670	0.4116	0.9197
 1250	0.6884	-0.2605	6.4555	5.9359	0.4128	0.9195
 1260	0.6858	-0.2628	6.4222	5.9087	0.4142	0.9200
 1270	0.6859	-0.2613	6.3918	5.8824	0.4156	0.9203
 1280	0.6854	-0.2620	6.3663	5.8535	0.4168	0.9195
 1290	0.6844	-0.2640	6.3447	5.8228	0.4179	0.9177
 1300	0.6838	-0.2640	6.3213	5.7926	0.4189	0.9164
 1310	0.6830	-0.2648	6.3027	5.7584	0.4197	0.9136
 1320	0.6822	-0.2652	6.2820	5.7215	0.4201	0.9108
 1330	0.6821	-0.2672	6.2605	5.6751	0.4199	0.9065
 1340	0.6823	-0.2662	6.2426	5.6293	0.4196	0.9018
 1350	0.6808	-0.2684	6.2183	5.5786	0.4190	0.8971
 1360	0.6797	-0.2694	6.1955	5.5268	0.4182	0.8921
 1370	0.6798	-0.2723	6.1659	5.4764	0.4174	0.8882
 1380	0.6797	-0.2738	6.1363	5.4266	0.4166	0.8843
 1390	0.6812	-0.2743	6.1038	5.3813	0.4161	0.8816
 1400	0.6792	-0.2754	6.0714	5.3414	0.4160	0.8798
 1410	0.6796	-0.2752	6.0391	5.3076	0.4163	0.8789
 1420	0.6805	-0.2739	6.0045	5.2792	0.4170	0.8792
 1430	0.6805	-0.2737	5.9753	5.2579	0.4183	0.8799
 1440	0.6795	-0.2754	5.9504	5.2411	0.4199	0.8808
 1450	0.6781	-0.2736	5.9267	5.2282	0.4217	0.8821
 1460	0.6754	-0.2748	5.9065	5.2173	0.4238	0.8833
 1470	0.6727	-0.2749	5.8883	5.2069	0.4258	0.8843
 1480	0.6722	-0.2755	5.8739	5.1935	0.4276	0.8842
 1490	0.6679	-0.2784	5.8594	5.1797	0.4294	0.8840
 1500	0.6680	-0.2784	5.8507	5.1619	0.4307	0.8823
 1510	0.6644	-0.2818	5.8424	5.1387	0.4317	0.8795
 1520	0.6642	-0.2834	5.8373	5.1124	0.4323	0.8758
 1530	0.6643	-0.2851	5.8301	5.0820	0.4326	0.8717
 1540	0.6641	-0.2854	5.8210	5.0502	0.4327	0.8676
 1550	0.6653	-0.2863	5.8125	5.0178	0.4327	0.8633
 1560	0.6660	-0.2867	5.7996	4.9842	0.4326	0.8594
 1570	0.6660	-0.2875	5.7828	4.9485	0.4322	0.8557
 1580	0.6648	-0.2878	5.7681	4.9158	0.4321	0.8522
 1590	0.6640	-0.2889	5.7545	4.8853	0.4321	0.8490
 1600	0.6626	-0.2903	5.7371	4.8596	0.4326	0.8470
 1610	0.6610	-0.2914	5.7189	4.8368	0.4332	0.8458
 1620	0.6590	-0.2920	5.7003	4.8180	0.4342	0.8452
 1630	0.6578	-0.2938	5.6825	4.7989	0.4352	0.8445
 1640	0.6557	-0.2942	5.6679	4.7839	0.4365	0.8440
 1650	0.6551	-0.2953	5.6536	4.7706	0.4379	0.8438
 1660	0.6558	-0.2959	5.6420	4.7584	0.4394	0.8434
 1670	0.6536	-0.2967	5.6321	4.7451	0.4408	0.8425
 1680	0.6541	-0.2972	5.6216	4.7284	0.4419	0.8411
 1690	0.6526	-0.2971	5.6112	4.7104	0.4429	0.8395
 1700	0.6524	-0.2985	5.6020	4.6886	0.4434	0.8370
 1710	0.6502	-0.2989	5.5935	4.6656	0.4438	0.8341
 1720	0.6511	-0.2989	5.5854	4.6396	0.4439	0.8307
 1730	0.6487	-0.3006	5.5761	4.6150	0.4442	0.8276
 1740	0.6475	-0.3037	5.5674	4.5863	0.4440	0.8238
 1750	0.6457	-0.3062	5.5563	4.5581	0.4438	0.8204
 1760	0.6459	-0.3063	5.5456	4.5309	0.4436	0.8170
 1770	0.6442	-0.3077	5.5332	4.5032	0.4434	0.8139
 1780	0.6455	-0.3090	5.5173	4.4803	0.4437	0.8120
 1790	0.6465	-0.3094	5.5004	4.4579	0.4439	0.8105
 1800	0.6446	-0.3106	5.4841	4.4383	0.4444	0.8093
 1810	0.6460	-0.3088	5.4689	4.4210	0.4452	0.8084
 1820	0.6431	-0.3101	5.4554	4.4102	0.4465	0.8084
 1830	0.6436	-0.3097	5.4419	4.3978	0.4477	0.8081
 1840	0.6420	-0.3097	5.4318	4.3897	0.4493	0.8081
 1850	0.6401	-0.3108	5.4264	4.3829	0.4511	0.8077
 1860	0.6372	-0.3122	5.4231	4.3750	0.4527	0.8067
 1870	0.6361	-0.3146	5.4237	4.3622	0.4538	0.8043
 1880	0.6323	-0.3149	5.4291	4.3470	0.4546	0.8007
 1890	0.6316	-0.3183	5.4363	4.3276	0.4550	0.7961
 1900	0.6308	-0.3191	5.4444	4.3037	0.4549	0.7905
 1910	0.6291	-0.3228	5.4505	4.2759	0.4543	0.7845
 1920	0.6305	-0.3266	5.4538	4.2455	0.4535	0.7785
 1930	0.6293	-0.3253	5.4548	4.2113	0.4522	0.7720
 1940	0.6317	-0.3275	5.4527	4.1783	0.4509	0.7663
 1950	0.6316	-0.3288	5.4481	4.1450	0.4497	0.7608
 1960	0.6322	-0.3311	5.4386	4.1151	0.4487	0.7566
 1970	0.6305	-0.3315	5.4311	4.0862	0.4478	0.7524
 1980	0.6329	-0.3324	5.4217	4.0591	0.4471	0.7487
 1990	0.6316	-0.3329	5.4117	4.0397	0.4472	0.7465
 2000	0.6280	-0.3334	5.4036	4.0213	0.4474	0.7442
 2010	0.6267	-0.3338	5.3947	4.0082	0.4482	0.7430
 2020	0.6249	-0.3358	5.3861	3.9969	0.4492	0.7421
 2030	0.6239	-0.3366	5.3783	3.9905	0.4507	0.7420
 2040	0.6223	-0.3368	5.3730	3.9832	0.4520	0.7413
 2050	0.6214	-0.3393	5.3682	3.9780	0.4537	0.7410
 2060	0.6197	-0.3419	5.3678	3.9710	0.4551	0.7398
 2070	0.6196	-0.3411	5.3675	3.9608	0.4561	0.7379
 2080	0.6185	-0.3428	5.3670	3.9519	0.4573	0.7363
 2090	0.6164	-0.3431	5.3692	3.9381	0.4579	0.7334
 2100	0.6174	-0.3444	5.3711	3.9238	0.4584	0.7305
 2110	0.6141	-0.3435	5.3743	3.9054	0.4584	0.7267
 2120	0.6147	-0.3460	5.3754	3.8852	0.4582	0.7228
 2130	0.6134	-0.3493	5.3742	3.8624	0.4577	0.7187
 2140	0.6099	-0.3493	5.3738	3.8428	0.4575	0.7151
 2150	0.6100	-0.3537	5.3714	3.8251	0.4575	0.7121
 2160	0.6089	-0.3544	5.3660	3.8086	0.4577	0.7098
 2170	0.6091	-0.3560	5.3603	3.7932	0.4579	0.7077
 2180	0.6085	-0.3568	5.3513	3.7804	0.4585	0.7064
 2190	0.6081	-0.3576	5.3433	3.7697	0.4593	0.7055
 2200	0.6071	-0.3567	5.3365	3.7602	0.4602	0.7046
 2210	0.6064	-0.3574	5.3300	3.7535	0.4615	0.7042
 2220	0.6065	-0.3576	5.3222	3.7483	0.4629	0.7043
 2230	0.6041	-0.3581	5.3187	3.7418	0.4642	0.7035
 2240	0.6015	-0.3589	5.3148	3.7337	0.4653	0.7025
 2250	0.5989	-0.3578	5.3119	3.7265	0.4664	0.7015
 2260	0.5967	-0.3602	5.3109	3.7196	0.4677	0.7004
 2270	0.5960	-0.3620	5.3135	3.7083	0.4683	0.6979
 2280	0.5950	-0.3636	5.3170	3.6957	0.4688	0.6951
 2290	0.5932	-0.3672	5.3209	3.6824	0.4691	0.6921
 2300	0.5929	-0.3696	5.3257	3.6643	0.4689	0.6880
 2310	0.5918	-0.3706	5.3278	3.6461	0.4686	0.6844
 2320	0.5919	-0.3730	5.3278	3.6255	0.4679	0.6805
 2330	0.5922	-0.3727	5.3257	3.6055	0.4673	0.6770
 2340	0.5918	-0.3743	5.3207	3.5877	0.4670	0.6743
 2350	0.5917	-0.3745	5.3129	3.5704	0.4668	0.6720
 2360	0.5902	-0.3744	5.3036	3.5555	0.4668	0.6704
 2370	0.5882	-0.3736	5.2943	3.5427	0.4671	0.6692
 2380	0.5870	-0.3763	5.2855	3.5336	0.4679	0.6685
 2390	0.5883	-0.3778	5.2772	3.5281	0.4691	0.6686
 2400	0.5849	-0.3772	5.2702	3.5245	0.4706	0.6688
 2410	0.5835	-0.3780	5.2670	3.5221	0.4722	0.6687
 2420	0.5809	-0.3797	5.2651	3.5199	0.4739	0.6685
 2430	0.5805	-0.3798	5.2655	3.5170	0.4754	0.6679
 2440	0.5786	-0.3811	5.2708	3.5126	0.4768	0.6664
 2450	0.5769	-0.3826	5.2760	3.5058	0.4778	0.6645
 2460	0.5748	-0.3842	5.2816	3.4990	0.4788	0.6625
 2470	0.5744	-0.3857	5.2885	3.4877	0.4792	0.6595
 2480	0.5732	-0.3880	5.2945	3.4738	0.4793	0.6561
 2490	0.5704	-0.3886	5.3010	3.4577	0.4790	0.6523
 2500	0.5706	-0.3910	5.3055	3.4387	0.4782	0.6481
 2510	0.5692	-0.3912	5.3085	3.4188	0.4774	0.6440
 2520	0.5684	-0.3938	5.3105	3.3988	0.4765	0.6400
 2530	0.5688	-0.3960	5.3103	3.3760	0.4752	0.6357
 2540	0.5683	-0.3972	5.3059	3.3529	0.4738	0.6319
 2550	0.5688	-0.3996	5.3005	3.3343	0.4730	0.6290
 2560	0.5674	-0.4008	5.2931	3.3162	0.4723	0.6265
 2570	0.5668	-0.4012	5.2852	3.3006	0.4719	0.6245
 2580	0.5675	-0.4011	5.2752	3.2852	0.4715	0.6228
 2590	0.5663	-0.4030	5.2660	3.2731	0.4716	0.6216
 2600	0.5667	-0.4034	5.2567	3.2623	0.4719	0.6206
 2610	0.5645	-0.4017	5.2477	3.2531	0.4723	0.6199
 2620	0.5635	-0.4024	5.2395	3.2445	0.4729	0.6192
 2630	0.5621	-0.4032	5.2334	3.2372	0.4736	0.6186
 2640	0.5601	-0.4036	5.2270	3.2317	0.4746	0.6183
 2650	0.5597	-0.4054	5.2234	3.2247	0.4754	0.6174
 2660	0.5589	-0.4066	5.2210	3.2179	0.4762	0.6163
 2670	0.5559	-0.4085	5.2207	3.2083	0.4766	0.6145
 2680	0.5557	-0.4094	5.2198	3.1990	0.4769	0.6129
 2690	0.5561	-0.4104	5.2207	3.1876	0.4770	0.6106
 2700	0.5543	-0.4122	5.2225	3.1752	0.4769	0.6080
 2710	0.5538	-0.4126	5.2235	3.1630	0.4769	0.6055
 2720	0.5517	-0.4138	5.2242	3.1508	0.4768	0.6031
 2730	0.5520	-0.4158	5.2236	3.1375	0.4765	0.6006
 2740	0.5500	-0.4167	5.2227	3.1234	0.4761	0.5980
 2750	0.5495	-0.4179	5.2204	3.1099	0.4758	0.5957
 2760	0.5486	-0.4185	5.2175	3.0982	0.4757	0.5938
 2770	0.5476	-0.4199	5.2149	3.0861	0.4756	0.5918
 2780	0.5469	-0.4218	5.2114	3.0746	0.4755	0.5900
 2790	0.5467	-0.4209	5.2082	3.0623	0.4753	0.5880
 2800	0.5446	-0.4230	5.2045	3.0498	0.4751	0.5860
 2810	0.5439	-0.4245	5.2013	3.0382	0.4749	0.5841
 2820	0.5439	-0.4264	5.1986	3.0269	0.4749	0.5822
 2830	0.5424	-0.4249	5.1953	3.0147	0.4746	0.5803
 2840	0.5426	-0.4275	5.1918	3.0017	0.4742	0.5782
 2850	0.5414	-0.4287	5.1883	2.9886	0.4738	0.5760
 2860	0.5416	-0.4293	5.1836	2.9746	0.4733	0.5738
 2870	0.5391	-0.4305	5.1796	2.9594	0.4725	0.5714
 2880	0.5385	-0.4312	5.1751	2.9426	0.4715	0.5686
 2890	0.5393	-0.4320	5.1694	2.9260	0.4704	0.5660
 2900	0.5383	-0.4335	5.1622	2.9088	0.4693	0.5635
 2910	0.5381	-0.4350	5.1536	2.8926	0.4683	0.5613
 2920	0.5370	-0.4361	5.1450	2.8770	0.4673	0.5592
 2930	0.5372	-0.4360	5.1347	2.8641	0.4668	0.5578
 2940	0.5377	-0.4379	5.1234	2.8546	0.4669	0.5572
 2950	0.5379	-0.4376	5.1127	2.8472	0.4673	0.5569
 2960	0.5375	-0.4376	5.1005	2.8420	0.4680	0.5572
 2970	0.5372	-0.4374	5.0859	2.8386	0.4690	0.5581
 2980	0.5351	-0.4373	5.0699	2.8385	0.4706	0.5599
 2990	0.5338	-0.4371	5.0553	2.8389	0.4722	0.5616
 3000	0.5324	-0.4358	5.0394	2.8401	0.4740	0.5636
