; Name : DAK 12 Ethanol 10 deg.C 2024-Nov-01 15:04:19
; Date : 2024-Nov-01 15:04:19
; Temperature(C) : 10
; Probe : DAK 12
; Network Analyzer : Hewlett Packard / Agilent Technologies 87XX
; Originally imported from : 
; Notes : 
;
; MHz  ReflR  ReflI  EpsR  EpsI  Sigma  TanD
;
   50	0.9920	-0.0576	28.2791	3.2010	0.0089	0.1132
   60	0.9908	-0.0688	28.1398	3.5530	0.0119	0.1263
   70	0.9870	-0.0793	27.9771	3.9032	0.0152	0.1395
   80	0.9825	-0.0910	27.8028	4.2288	0.0188	0.1521
   90	0.9818	-0.1001	27.5992	4.5492	0.0228	0.1648
  100	0.9731	-0.1110	27.3756	4.8885	0.0272	0.1786
  110	0.9716	-0.1199	27.1286	5.2745	0.0323	0.1944
  120	0.9641	-0.1283	26.8359	5.6289	0.0376	0.2098
  130	0.9585	-0.1366	26.5439	6.0479	0.0437	0.2278
  140	0.9543	-0.1442	26.2412	6.4614	0.0503	0.2462
  150	0.9468	-0.1529	25.9229	6.8453	0.0571	0.2641
  160	0.9409	-0.1604	25.6061	7.2804	0.0648	0.2843
  170	0.9364	-0.1670	25.2638	7.6698	0.0725	0.3036
  180	0.9258	-0.1722	24.9601	8.0755	0.0809	0.3235
  190	0.9196	-0.1779	24.6242	8.4173	0.0890	0.3418
  200	0.9160	-0.1855	24.3057	8.7413	0.0973	0.3596
  210	0.9069	-0.1914	23.9988	9.0439	0.1057	0.3768
  220	0.9001	-0.1970	23.6981	9.3336	0.1142	0.3939
  230	0.8955	-0.2043	23.4199	9.6038	0.1229	0.4101
  240	0.8861	-0.2079	23.1051	9.8397	0.1314	0.4259
  250	0.8800	-0.2121	22.8168	10.0861	0.1403	0.4420
  260	0.8718	-0.2149	22.5073	10.2994	0.1490	0.4576
  270	0.8675	-0.2165	22.1886	10.5002	0.1577	0.4732
  280	0.8585	-0.2210	21.8529	10.6759	0.1663	0.4885
  290	0.8532	-0.2259	21.5109	10.8388	0.1749	0.5039
  300	0.8482	-0.2295	21.1731	10.9928	0.1835	0.5192
  310	0.8419	-0.2309	20.8143	11.1245	0.1918	0.5345
  320	0.8354	-0.2331	20.4457	11.2458	0.2002	0.5500
  330	0.8269	-0.2367	20.0812	11.3620	0.2086	0.5658
  340	0.8250	-0.2364	19.7322	11.4552	0.2167	0.5805
  350	0.8181	-0.2373	19.4040	11.5340	0.2246	0.5944
  360	0.8126	-0.2389	19.0877	11.6207	0.2327	0.6088
  370	0.8077	-0.2400	18.7801	11.6917	0.2407	0.6226
  380	0.8016	-0.2426	18.4994	11.7466	0.2483	0.6350
  390	0.7979	-0.2420	18.2148	11.8086	0.2562	0.6483
  400	0.7926	-0.2432	17.9412	11.8588	0.2639	0.6610
  410	0.7851	-0.2468	17.6717	11.8977	0.2714	0.6733
  420	0.7817	-0.2489	17.4137	11.9187	0.2785	0.6844
  430	0.7772	-0.2493	17.1899	11.9452	0.2857	0.6949
  440	0.7714	-0.2508	16.9681	11.9583	0.2927	0.7048
  450	0.7667	-0.2524	16.7400	11.9663	0.2996	0.7148
  460	0.7626	-0.2529	16.5086	11.9633	0.3061	0.7247
  470	0.7581	-0.2531	16.2770	11.9560	0.3126	0.7345
  480	0.7558	-0.2542	16.0395	11.9450	0.3190	0.7447
  490	0.7514	-0.2551	15.7817	11.9161	0.3248	0.7551
  500	0.7478	-0.2552	15.5295	11.8906	0.3307	0.7657
  510	0.7439	-0.2551	15.2730	11.8597	0.3365	0.7765
  520	0.7403	-0.2527	15.0127	11.8224	0.3420	0.7875
  530	0.7371	-0.2545	14.7571	11.7839	0.3474	0.7985
  540	0.7341	-0.2536	14.4968	11.7517	0.3530	0.8106
  550	0.7297	-0.2534	14.2606	11.7244	0.3587	0.8222
  560	0.7279	-0.2526	14.0516	11.6979	0.3644	0.8325
  570	0.7262	-0.2527	13.8496	11.6660	0.3699	0.8423
  580	0.7220	-0.2540	13.6586	11.6402	0.3756	0.8522
  590	0.7177	-0.2537	13.4849	11.6118	0.3811	0.8611
  600	0.7134	-0.2531	13.3310	11.5829	0.3866	0.8689
  610	0.7114	-0.2549	13.1809	11.5497	0.3919	0.8762
  620	0.7081	-0.2550	13.0429	11.5080	0.3969	0.8823
  630	0.7043	-0.2549	12.9100	11.4566	0.4015	0.8874
  640	0.7009	-0.2566	12.7819	11.4052	0.4061	0.8923
  650	0.6981	-0.2584	12.6466	11.3484	0.4104	0.8973
  660	0.6948	-0.2591	12.5054	11.2850	0.4143	0.9024
  670	0.6936	-0.2596	12.3524	11.2107	0.4179	0.9076
  680	0.6930	-0.2602	12.2085	11.1325	0.4211	0.9119
  690	0.6904	-0.2583	12.0479	11.0501	0.4242	0.9172
  700	0.6888	-0.2573	11.8830	10.9653	0.4270	0.9228
  710	0.6873	-0.2584	11.7136	10.8758	0.4296	0.9285
  720	0.6857	-0.2583	11.5457	10.7925	0.4323	0.9348
  730	0.6840	-0.2570	11.3845	10.7148	0.4351	0.9412
  740	0.6842	-0.2553	11.2276	10.6440	0.4382	0.9480
  750	0.6808	-0.2569	11.0804	10.5772	0.4413	0.9546
  760	0.6790	-0.2550	10.9485	10.5159	0.4446	0.9605
  770	0.6772	-0.2563	10.8262	10.4641	0.4482	0.9666
  780	0.6755	-0.2561	10.7161	10.4158	0.4520	0.9720
  790	0.6725	-0.2575	10.6225	10.3684	0.4557	0.9761
  800	0.6695	-0.2575	10.5388	10.3207	0.4593	0.9793
  810	0.6668	-0.2582	10.4620	10.2699	0.4628	0.9816
  820	0.6663	-0.2579	10.3846	10.2115	0.4658	0.9833
  830	0.6622	-0.2610	10.3037	10.1511	0.4687	0.9852
  840	0.6608	-0.2611	10.2189	10.0980	0.4719	0.9882
  850	0.6595	-0.2616	10.1315	10.0283	0.4742	0.9898
  860	0.6581	-0.2625	10.0461	9.9597	0.4765	0.9914
  870	0.6562	-0.2616	9.9537	9.8819	0.4783	0.9928
  880	0.6563	-0.2614	9.8491	9.8026	0.4799	0.9953
  890	0.6556	-0.2615	9.7403	9.7203	0.4813	0.9979
  900	0.6557	-0.2616	9.6387	9.6387	0.4826	1.0000
  910	0.6538	-0.2618	9.5281	9.5633	0.4841	1.0037
  920	0.6526	-0.2615	9.4235	9.4836	0.4854	1.0064
  930	0.6521	-0.2607	9.3233	9.4120	0.4870	1.0095
  940	0.6508	-0.2603	9.2282	9.3467	0.4888	1.0128
  950	0.6491	-0.2602	9.1425	9.2905	0.4910	1.0162
  960	0.6477	-0.2620	9.0658	9.2396	0.4935	1.0192
  970	0.6470	-0.2628	8.9962	9.1942	0.4961	1.0220
  980	0.6461	-0.2626	8.9431	9.1566	0.4992	1.0239
  990	0.6408	-0.2622	8.8919	9.1235	0.5025	1.0260
 1000	0.6423	-0.2627	8.8444	9.0895	0.5057	1.0277
 1010	0.6372	-0.2636	8.7984	9.0516	0.5086	1.0288
 1020	0.6362	-0.2664	8.7487	9.0116	0.5114	1.0301
 1030	0.6344	-0.2655	8.7002	8.9614	0.5135	1.0300
 1040	0.6326	-0.2657	8.6493	8.9095	0.5155	1.0301
 1050	0.6318	-0.2686	8.5921	8.8503	0.5170	1.0300
 1060	0.6284	-0.2674	8.5296	8.7848	0.5180	1.0299
 1070	0.6299	-0.2679	8.4607	8.7154	0.5188	1.0301
 1080	0.6286	-0.2688	8.3871	8.6415	0.5192	1.0303
 1090	0.6302	-0.2672	8.3137	8.5649	0.5194	1.0302
 1100	0.6296	-0.2684	8.2413	8.4887	0.5195	1.0300
 1110	0.6300	-0.2684	8.1735	8.4162	0.5197	1.0297
 1120	0.6304	-0.2672	8.0996	8.3520	0.5204	1.0312
 1130	0.6302	-0.2679	8.0298	8.2968	0.5216	1.0333
 1140	0.6272	-0.2683	7.9679	8.2536	0.5234	1.0359
 1150	0.6257	-0.2681	7.9103	8.2118	0.5254	1.0381
 1160	0.6250	-0.2686	7.8620	8.1839	0.5281	1.0409
 1170	0.6229	-0.2680	7.8179	8.1558	0.5309	1.0432
 1180	0.6214	-0.2701	7.7742	8.1348	0.5340	1.0464
 1190	0.6173	-0.2707	7.7371	8.1127	0.5371	1.0485
 1200	0.6148	-0.2707	7.7059	8.0931	0.5403	1.0503
 1210	0.6140	-0.2711	7.6712	8.0701	0.5432	1.0520
 1220	0.6115	-0.2709	7.6387	8.0364	0.5454	1.0521
 1230	0.6102	-0.2709	7.6065	7.9965	0.5472	1.0513
 1240	0.6101	-0.2721	7.5679	7.9499	0.5484	1.0505
 1250	0.6104	-0.2732	7.5309	7.8953	0.5490	1.0484
 1260	0.6096	-0.2757	7.4882	7.8314	0.5489	1.0458
 1270	0.6097	-0.2733	7.4388	7.7608	0.5483	1.0433
 1280	0.6100	-0.2743	7.3906	7.6883	0.5475	1.0403
 1290	0.6095	-0.2758	7.3405	7.6165	0.5466	1.0376
 1300	0.6096	-0.2765	7.2857	7.5403	0.5453	1.0349
 1310	0.6092	-0.2769	7.2348	7.4690	0.5443	1.0324
 1320	0.6097	-0.2772	7.1806	7.4113	0.5442	1.0321
 1330	0.6094	-0.2768	7.1323	7.3591	0.5445	1.0318
 1340	0.6105	-0.2771	7.0859	7.3247	0.5460	1.0337
 1350	0.6076	-0.2764	7.0386	7.2914	0.5476	1.0359
 1360	0.6081	-0.2759	6.9960	7.2659	0.5497	1.0386
 1370	0.6064	-0.2761	6.9562	7.2468	0.5523	1.0418
 1380	0.6055	-0.2773	6.9202	7.2288	0.5550	1.0446
 1390	0.6019	-0.2763	6.8906	7.2111	0.5576	1.0465
 1400	0.5993	-0.2771	6.8611	7.1916	0.5601	1.0482
 1410	0.5968	-0.2783	6.8365	7.1694	0.5624	1.0487
 1420	0.5961	-0.2776	6.8087	7.1427	0.5642	1.0491
 1430	0.5936	-0.2786	6.7852	7.1118	0.5658	1.0481
 1440	0.5922	-0.2794	6.7638	7.0709	0.5664	1.0454
 1450	0.5949	-0.2801	6.7398	7.0263	0.5668	1.0425
 1460	0.5949	-0.2841	6.7138	6.9735	0.5664	1.0387
 1470	0.5940	-0.2819	6.6866	6.9177	0.5657	1.0346
 1480	0.5959	-0.2840	6.6600	6.8603	0.5648	1.0301
 1490	0.5924	-0.2841	6.6289	6.8028	0.5639	1.0262
 1500	0.5954	-0.2843	6.5968	6.7483	0.5631	1.0230
 1510	0.5942	-0.2856	6.5624	6.6963	0.5625	1.0204
 1520	0.5943	-0.2857	6.5322	6.6523	0.5625	1.0184
 1530	0.5942	-0.2860	6.5029	6.6135	0.5629	1.0170
 1540	0.5919	-0.2876	6.4717	6.5853	0.5642	1.0175
 1550	0.5914	-0.2861	6.4475	6.5604	0.5657	1.0175
 1560	0.5898	-0.2876	6.4244	6.5423	0.5678	1.0183
 1570	0.5886	-0.2884	6.3997	6.5251	0.5699	1.0196
 1580	0.5850	-0.2874	6.3802	6.5077	0.5720	1.0200
 1590	0.5855	-0.2894	6.3613	6.4868	0.5738	1.0197
 1600	0.5826	-0.2886	6.3427	6.4614	0.5751	1.0187
 1610	0.5836	-0.2891	6.3255	6.4346	0.5763	1.0172
 1620	0.5819	-0.2897	6.3052	6.4047	0.5772	1.0158
 1630	0.5803	-0.2928	6.2881	6.3676	0.5774	1.0127
 1640	0.5796	-0.2923	6.2706	6.3325	0.5777	1.0099
 1650	0.5807	-0.2941	6.2515	6.2903	0.5774	1.0062
 1660	0.5806	-0.2937	6.2358	6.2471	0.5769	1.0018
 1670	0.5792	-0.2956	6.2186	6.2021	0.5762	0.9973
 1680	0.5800	-0.2970	6.1990	6.1581	0.5755	0.9934
 1690	0.5803	-0.2952	6.1811	6.1180	0.5752	0.9898
 1700	0.5801	-0.2984	6.1593	6.0839	0.5754	0.9878
 1710	0.5776	-0.2986	6.1400	6.0550	0.5760	0.9862
 1720	0.5773	-0.2981	6.1161	6.0299	0.5770	0.9859
 1730	0.5766	-0.2995	6.0905	6.0114	0.5785	0.9870
 1740	0.5754	-0.3003	6.0666	5.9958	0.5804	0.9883
 1750	0.5729	-0.3005	6.0407	5.9861	0.5828	0.9910
 1760	0.5716	-0.2988	6.0166	5.9762	0.5851	0.9933
 1770	0.5707	-0.2994	5.9966	5.9663	0.5875	0.9950
 1780	0.5702	-0.2996	5.9770	5.9571	0.5899	0.9967
 1790	0.5680	-0.2988	5.9561	5.9426	0.5918	0.9977
 1800	0.5657	-0.2980	5.9377	5.9230	0.5931	0.9975
 1810	0.5646	-0.2996	5.9211	5.9005	0.5941	0.9965
 1820	0.5638	-0.3012	5.9077	5.8745	0.5948	0.9944
 1830	0.5647	-0.3009	5.8932	5.8398	0.5945	0.9909
 1840	0.5647	-0.3035	5.8804	5.8030	0.5940	0.9868
 1850	0.5631	-0.3044	5.8736	5.7660	0.5934	0.9817
 1860	0.5617	-0.3068	5.8661	5.7291	0.5928	0.9766
 1870	0.5636	-0.3074	5.8577	5.6892	0.5919	0.9712
 1880	0.5645	-0.3083	5.8501	5.6508	0.5910	0.9659
 1890	0.5630	-0.3099	5.8405	5.6151	0.5904	0.9614
 1900	0.5629	-0.3100	5.8305	5.5823	0.5900	0.9574
 1910	0.5612	-0.3107	5.8189	5.5549	0.5902	0.9546
 1920	0.5612	-0.3134	5.8038	5.5301	0.5907	0.9528
 1930	0.5587	-0.3117	5.7875	5.5105	0.5917	0.9521
 1940	0.5585	-0.3127	5.7701	5.4978	0.5933	0.9528
 1950	0.5573	-0.3128	5.7515	5.4852	0.5950	0.9537
 1960	0.5557	-0.3136	5.7368	5.4744	0.5969	0.9543
 1970	0.5529	-0.3130	5.7228	5.4633	0.5987	0.9547
 1980	0.5544	-0.3132	5.7099	5.4509	0.6004	0.9546
 1990	0.5537	-0.3144	5.7018	5.4381	0.6020	0.9538
 2000	0.5505	-0.3146	5.6942	5.4229	0.6034	0.9524
 2010	0.5491	-0.3158	5.6865	5.4034	0.6042	0.9502
 2020	0.5487	-0.3170	5.6803	5.3773	0.6043	0.9467
 2030	0.5475	-0.3175	5.6745	5.3490	0.6041	0.9426
 2040	0.5475	-0.3178	5.6703	5.3218	0.6040	0.9385
 2050	0.5479	-0.3208	5.6655	5.2902	0.6033	0.9338
 2060	0.5451	-0.3238	5.6624	5.2569	0.6024	0.9284
 2070	0.5464	-0.3237	5.6595	5.2231	0.6015	0.9229
 2080	0.5458	-0.3257	5.6525	5.1943	0.6011	0.9189
 2090	0.5443	-0.3263	5.6468	5.1663	0.6007	0.9149
 2100	0.5468	-0.3264	5.6382	5.1427	0.6008	0.9121
 2110	0.5448	-0.3274	5.6292	5.1207	0.6011	0.9097
 2120	0.5445	-0.3278	5.6172	5.1008	0.6016	0.9081
 2130	0.5434	-0.3290	5.6051	5.0806	0.6020	0.9064
 2140	0.5407	-0.3297	5.5965	5.0645	0.6029	0.9049
 2150	0.5399	-0.3303	5.5871	5.0533	0.6044	0.9045
 2160	0.5388	-0.3287	5.5782	5.0405	0.6057	0.9036
 2170	0.5373	-0.3317	5.5676	5.0273	0.6069	0.9030
 2180	0.5368	-0.3319	5.5579	5.0136	0.6080	0.9021
 2190	0.5336	-0.3310	5.5500	4.9976	0.6089	0.9005
 2200	0.5336	-0.3322	5.5464	4.9797	0.6095	0.8978
 2210	0.5338	-0.3343	5.5432	4.9625	0.6101	0.8952
 2220	0.5336	-0.3364	5.5411	4.9423	0.6104	0.8919
 2230	0.5330	-0.3367	5.5418	4.9207	0.6104	0.8879
 2240	0.5311	-0.3390	5.5406	4.8985	0.6104	0.8841
 2250	0.5296	-0.3387	5.5402	4.8756	0.6103	0.8801
 2260	0.5289	-0.3403	5.5412	4.8554	0.6105	0.8762
 2270	0.5292	-0.3404	5.5417	4.8362	0.6107	0.8727
 2280	0.5287	-0.3418	5.5415	4.8160	0.6109	0.8691
 2290	0.5268	-0.3450	5.5399	4.7972	0.6111	0.8659
 2300	0.5246	-0.3452	5.5366	4.7784	0.6114	0.8631
 2310	0.5231	-0.3474	5.5291	4.7606	0.6118	0.8610
 2320	0.5226	-0.3470	5.5235	4.7433	0.6122	0.8587
 2330	0.5218	-0.3476	5.5128	4.7281	0.6129	0.8577
 2340	0.5215	-0.3481	5.5012	4.7147	0.6138	0.8570
 2350	0.5206	-0.3488	5.4896	4.6992	0.6143	0.8560
 2360	0.5208	-0.3470	5.4799	4.6839	0.6149	0.8547
 2370	0.5191	-0.3489	5.4688	4.6690	0.6156	0.8537
 2380	0.5190	-0.3504	5.4589	4.6558	0.6164	0.8529
 2390	0.5198	-0.3500	5.4532	4.6423	0.6172	0.8513
 2400	0.5176	-0.3515	5.4480	4.6279	0.6179	0.8495
 2410	0.5165	-0.3519	5.4453	4.6096	0.6180	0.8465
 2420	0.5132	-0.3524	5.4434	4.5909	0.6181	0.8434
 2430	0.5133	-0.3538	5.4447	4.5690	0.6177	0.8392
 2440	0.5123	-0.3551	5.4480	4.5475	0.6173	0.8347
 2450	0.5106	-0.3580	5.4484	4.5259	0.6169	0.8307
 2460	0.5111	-0.3585	5.4488	4.5027	0.6162	0.8264
 2470	0.5098	-0.3616	5.4464	4.4794	0.6155	0.8225
 2480	0.5099	-0.3621	5.4437	4.4570	0.6149	0.8187
 2490	0.5100	-0.3634	5.4392	4.4353	0.6144	0.8154
 2500	0.5101	-0.3641	5.4322	4.4153	0.6141	0.8128
 2510	0.5088	-0.3659	5.4214	4.3958	0.6138	0.8108
 2520	0.5100	-0.3647	5.4118	4.3779	0.6137	0.8090
 2530	0.5092	-0.3640	5.4003	4.3607	0.6138	0.8075
 2540	0.5077	-0.3647	5.3867	4.3430	0.6137	0.8062
 2550	0.5061	-0.3648	5.3769	4.3293	0.6142	0.8052
 2560	0.5057	-0.3662	5.3654	4.3161	0.6147	0.8044
 2570	0.5032	-0.3659	5.3565	4.3046	0.6154	0.8036
 2580	0.5033	-0.3680	5.3473	4.2909	0.6159	0.8024
 2590	0.5015	-0.3689	5.3412	4.2781	0.6164	0.8010
 2600	0.5018	-0.3686	5.3360	4.2630	0.6166	0.7989
 2610	0.5014	-0.3696	5.3301	4.2464	0.6166	0.7967
 2620	0.5017	-0.3706	5.3282	4.2281	0.6163	0.7935
 2630	0.5006	-0.3721	5.3256	4.2094	0.6159	0.7904
 2640	0.4997	-0.3739	5.3235	4.1899	0.6154	0.7870
 2650	0.4985	-0.3749	5.3225	4.1700	0.6148	0.7835
 2660	0.4990	-0.3757	5.3207	4.1494	0.6140	0.7799
 2670	0.4976	-0.3760	5.3157	4.1283	0.6132	0.7766
 2680	0.4958	-0.3766	5.3112	4.1097	0.6127	0.7738
 2690	0.4980	-0.3779	5.3058	4.0900	0.6121	0.7709
 2700	0.4950	-0.3801	5.3009	4.0707	0.6114	0.7679
 2710	0.4960	-0.3804	5.2949	4.0520	0.6109	0.7653
 2720	0.4943	-0.3823	5.2887	4.0343	0.6105	0.7628
 2730	0.4946	-0.3826	5.2811	4.0168	0.6101	0.7606
 2740	0.4923	-0.3838	5.2723	3.9999	0.6097	0.7587
 2750	0.4933	-0.3840	5.2637	3.9852	0.6097	0.7571
 2760	0.4936	-0.3833	5.2556	3.9707	0.6097	0.7555
 2770	0.4935	-0.3851	5.2473	3.9562	0.6096	0.7540
 2780	0.4925	-0.3854	5.2422	3.9429	0.6098	0.7521
 2790	0.4919	-0.3852	5.2366	3.9290	0.6098	0.7503
 2800	0.4897	-0.3867	5.2313	3.9150	0.6098	0.7484
 2810	0.4891	-0.3876	5.2251	3.9001	0.6097	0.7464
 2820	0.4887	-0.3889	5.2193	3.8847	0.6094	0.7443
 2830	0.4860	-0.3891	5.2147	3.8699	0.6093	0.7421
 2840	0.4868	-0.3892	5.2107	3.8532	0.6088	0.7395
 2850	0.4856	-0.3918	5.2070	3.8382	0.6085	0.7371
 2860	0.4850	-0.3919	5.2009	3.8220	0.6081	0.7349
 2870	0.4850	-0.3944	5.1970	3.8061	0.6077	0.7324
 2880	0.4847	-0.3938	5.1913	3.7905	0.6073	0.7302
 2890	0.4869	-0.3951	5.1843	3.7739	0.6067	0.7279
 2900	0.4842	-0.3957	5.1742	3.7569	0.6061	0.7261
 2910	0.4839	-0.3959	5.1638	3.7416	0.6057	0.7246
 2920	0.4844	-0.3951	5.1529	3.7268	0.6054	0.7232
 2930	0.4818	-0.3968	5.1423	3.7145	0.6055	0.7223
 2940	0.4818	-0.3963	5.1293	3.7027	0.6056	0.7219
 2950	0.4805	-0.3971	5.1170	3.6915	0.6058	0.7214
 2960	0.4805	-0.3970	5.1046	3.6813	0.6062	0.7212
 2970	0.4821	-0.3977	5.0912	3.6698	0.6063	0.7208
 2980	0.4803	-0.3977	5.0772	3.6605	0.6068	0.7210
 2990	0.4793	-0.3989	5.0639	3.6494	0.6070	0.7207
 3000	0.4793	-0.3978	5.0517	3.6394	0.6074	0.7204
