; Name : DAK 12 Ethanol 34 deg.C 2024-Nov-08 10:30:41
; Date : 2024-Nov-08 10:30:41
; Temperature(C) : 34
; Probe : DAK 12
; Network Analyzer : Hewlett Packard / Agilent Technologies 87XX
; Originally imported from : 
; Notes : 
;
; MHz  ReflR  ReflI  EpsR  EpsI  Sigma  TanD
;
   50	1.0013	-0.0510	24.7192	0.0009	0.0000	0.0000
   60	1.0020	-0.0611	24.5471	-0.1249	-0.0004	-0.0051
   70	1.0030	-0.0680	24.3417	-0.1317	-0.0005	-0.0054
   80	1.0003	-0.0793	24.1220	-0.0193	-0.0001	-0.0008
   90	1.0032	-0.0896	23.9465	0.1238	0.0006	0.0052
  100	0.9960	-0.0995	23.7900	0.2347	0.0013	0.0099
  110	0.9919	-0.1082	23.6784	0.3369	0.0021	0.0142
  120	0.9908	-0.1149	23.5646	0.4686	0.0031	0.0199
  130	0.9892	-0.1223	23.4193	0.6812	0.0049	0.0291
  140	0.9870	-0.1329	23.2949	0.9084	0.0071	0.0390
  150	0.9843	-0.1444	23.1924	1.1525	0.0096	0.0497
  160	0.9793	-0.1528	23.1172	1.3864	0.0123	0.0600
  170	0.9753	-0.1608	23.0735	1.6081	0.0152	0.0697
  180	0.9703	-0.1656	23.0254	1.8247	0.0183	0.0792
  190	0.9680	-0.1730	22.9060	2.0845	0.0220	0.0910
  200	0.9658	-0.1834	22.8169	2.3304	0.0259	0.1021
  210	0.9615	-0.1927	22.7064	2.5524	0.0298	0.1124
  220	0.9570	-0.2000	22.5777	2.7473	0.0336	0.1217
  230	0.9512	-0.2055	22.5281	2.9183	0.0373	0.1295
  240	0.9437	-0.2137	22.4708	3.0720	0.0410	0.1367
  250	0.9417	-0.2198	22.4097	3.2342	0.0450	0.1443
  260	0.9382	-0.2288	22.3156	3.4269	0.0496	0.1536
  270	0.9351	-0.2373	22.2001	3.6044	0.0541	0.1624
  280	0.9275	-0.2422	22.1058	3.7707	0.0587	0.1706
  290	0.9217	-0.2514	22.0526	3.9311	0.0634	0.1783
  300	0.9172	-0.2549	22.0049	4.0861	0.0682	0.1857
  310	0.9124	-0.2585	21.9290	4.2674	0.0736	0.1946
  320	0.9078	-0.2692	21.8382	4.4526	0.0793	0.2039
  330	0.9047	-0.2766	21.7187	4.6265	0.0849	0.2130
  340	0.8946	-0.2816	21.6171	4.7766	0.0903	0.2210
  350	0.8874	-0.2866	21.5297	4.9080	0.0956	0.2280
  360	0.8816	-0.2898	21.4337	5.0417	0.1010	0.2352
  370	0.8764	-0.2942	21.3263	5.1829	0.1067	0.2430
  380	0.8723	-0.2996	21.2085	5.3183	0.1124	0.2508
  390	0.8690	-0.3074	21.0961	5.4471	0.1182	0.2582
  400	0.8642	-0.3136	20.9620	5.5412	0.1233	0.2643
  410	0.8557	-0.3165	20.8457	5.6290	0.1284	0.2700
  420	0.8502	-0.3195	20.7252	5.7118	0.1335	0.2756
  430	0.8459	-0.3223	20.6038	5.8113	0.1390	0.2820
  440	0.8414	-0.3269	20.4870	5.9005	0.1444	0.2880
  450	0.8387	-0.3331	20.3425	6.0015	0.1502	0.2950
  460	0.8317	-0.3369	20.2132	6.0950	0.1560	0.3015
  470	0.8234	-0.3416	20.1206	6.1839	0.1617	0.3073
  480	0.8182	-0.3428	20.0267	6.2848	0.1678	0.3138
  490	0.8122	-0.3460	19.9287	6.4027	0.1745	0.3213
  500	0.8085	-0.3494	19.8214	6.5295	0.1816	0.3294
  510	0.8034	-0.3533	19.7073	6.6489	0.1886	0.3374
  520	0.7951	-0.3577	19.5996	6.7608	0.1956	0.3449
  530	0.7890	-0.3613	19.5030	6.8526	0.2020	0.3514
  540	0.7808	-0.3640	19.4199	6.9390	0.2085	0.3573
  550	0.7774	-0.3646	19.3226	7.0307	0.2151	0.3639
  560	0.7718	-0.3679	19.2167	7.1238	0.2219	0.3707
  570	0.7679	-0.3712	19.1016	7.2005	0.2283	0.3770
  580	0.7609	-0.3756	18.9798	7.2636	0.2344	0.3827
  590	0.7568	-0.3789	18.8645	7.3097	0.2399	0.3875
  600	0.7504	-0.3771	18.7577	7.3527	0.2454	0.3920
  610	0.7470	-0.3780	18.6525	7.4079	0.2514	0.3972
  620	0.7427	-0.3818	18.5400	7.4661	0.2575	0.4027
  630	0.7368	-0.3865	18.4142	7.5165	0.2634	0.4082
  640	0.7340	-0.3898	18.2927	7.5667	0.2694	0.4136
  650	0.7269	-0.3896	18.1745	7.6105	0.2752	0.4187
  660	0.7225	-0.3903	18.0630	7.6589	0.2812	0.4240
  670	0.7170	-0.3900	17.9626	7.7162	0.2876	0.4296
  680	0.7139	-0.3929	17.8569	7.7774	0.2942	0.4355
  690	0.7076	-0.3973	17.7471	7.8384	0.3009	0.4417
  700	0.7025	-0.3969	17.6285	7.8918	0.3073	0.4477
  710	0.6964	-0.3989	17.5228	7.9417	0.3137	0.4532
  720	0.6912	-0.3997	17.4229	7.9893	0.3200	0.4586
  730	0.6870	-0.3988	17.3286	8.0385	0.3264	0.4639
  740	0.6850	-0.3999	17.2253	8.0858	0.3329	0.4694
  750	0.6802	-0.4026	17.1115	8.1319	0.3393	0.4752
  760	0.6742	-0.4058	17.0019	8.1677	0.3453	0.4804
  770	0.6691	-0.4057	16.9053	8.1920	0.3509	0.4846
  780	0.6655	-0.4064	16.8119	8.2141	0.3564	0.4886
  790	0.6608	-0.4064	16.7158	8.2350	0.3619	0.4926
  800	0.6574	-0.4078	16.6156	8.2650	0.3678	0.4974
  810	0.6544	-0.4087	16.5103	8.2918	0.3736	0.5022
  820	0.6492	-0.4117	16.4081	8.3156	0.3793	0.5068
  830	0.6438	-0.4119	16.3130	8.3311	0.3847	0.5107
  840	0.6403	-0.4125	16.2223	8.3524	0.3903	0.5149
  850	0.6372	-0.4112	16.1288	8.3767	0.3961	0.5194
  860	0.6342	-0.4123	16.0417	8.4036	0.4021	0.5239
  870	0.6297	-0.4138	15.9447	8.4327	0.4081	0.5289
  880	0.6252	-0.4156	15.8440	8.4546	0.4139	0.5336
  890	0.6198	-0.4161	15.7485	8.4682	0.4193	0.5377
  900	0.6165	-0.4160	15.6607	8.4782	0.4245	0.5414
  910	0.6122	-0.4144	15.5770	8.4920	0.4299	0.5452
  920	0.6099	-0.4163	15.4869	8.5142	0.4358	0.5498
  930	0.6070	-0.4168	15.3936	8.5309	0.4414	0.5542
  940	0.6026	-0.4190	15.3005	8.5431	0.4468	0.5584
  950	0.5981	-0.4198	15.2096	8.5487	0.4518	0.5621
  960	0.5944	-0.4181	15.1260	8.5506	0.4567	0.5653
  970	0.5912	-0.4186	15.0520	8.5562	0.4617	0.5684
  980	0.5892	-0.4192	14.9714	8.5624	0.4668	0.5719
  990	0.5867	-0.4188	14.8881	8.5669	0.4718	0.5754
 1000	0.5831	-0.4207	14.8052	8.5761	0.4771	0.5793
 1010	0.5779	-0.4227	14.7272	8.5820	0.4822	0.5827
 1020	0.5732	-0.4206	14.6551	8.5901	0.4874	0.5861
 1030	0.5700	-0.4205	14.5822	8.6016	0.4929	0.5899
 1040	0.5670	-0.4208	14.5069	8.6157	0.4985	0.5939
 1050	0.5663	-0.4224	14.4285	8.6358	0.5044	0.5985
 1060	0.5626	-0.4245	14.3430	8.6489	0.5100	0.6030
 1070	0.5560	-0.4235	14.2583	8.6531	0.5151	0.6069
 1080	0.5526	-0.4220	14.1739	8.6558	0.5201	0.6107
 1090	0.5501	-0.4212	14.0958	8.6626	0.5253	0.6146
 1100	0.5482	-0.4195	14.0175	8.6695	0.5305	0.6185
 1110	0.5459	-0.4207	13.9341	8.6744	0.5357	0.6225
 1120	0.5415	-0.4222	13.8506	8.6720	0.5403	0.6261
 1130	0.5397	-0.4218	13.7703	8.6645	0.5447	0.6292
 1140	0.5378	-0.4214	13.6958	8.6543	0.5489	0.6319
 1150	0.5334	-0.4207	13.6258	8.6464	0.5532	0.6346
 1160	0.5320	-0.4208	13.5605	8.6421	0.5577	0.6373
 1170	0.5294	-0.4225	13.4904	8.6410	0.5624	0.6405
 1180	0.5267	-0.4227	13.4200	8.6341	0.5668	0.6434
 1190	0.5240	-0.4241	13.3533	8.6283	0.5712	0.6462
 1200	0.5165	-0.4238	13.2894	8.6166	0.5752	0.6484
 1210	0.5156	-0.4232	13.2314	8.6137	0.5798	0.6510
 1220	0.5144	-0.4225	13.1720	8.6165	0.5848	0.6542
 1230	0.5138	-0.4225	13.1039	8.6190	0.5898	0.6577
 1240	0.5096	-0.4222	13.0381	8.6174	0.5945	0.6609
 1250	0.5055	-0.4231	12.9719	8.6149	0.5991	0.6641
 1260	0.5021	-0.4223	12.9082	8.6090	0.6035	0.6669
 1270	0.5005	-0.4206	12.8478	8.6066	0.6081	0.6699
 1280	0.4979	-0.4207	12.7822	8.6022	0.6125	0.6730
 1290	0.4959	-0.4228	12.7150	8.5992	0.6171	0.6763
 1300	0.4940	-0.4217	12.6505	8.5949	0.6216	0.6794
 1310	0.4904	-0.4232	12.5822	8.5824	0.6255	0.6821
 1320	0.4869	-0.4230	12.5206	8.5700	0.6293	0.6845
 1330	0.4861	-0.4219	12.4640	8.5570	0.6331	0.6865
 1340	0.4825	-0.4207	12.4102	8.5470	0.6371	0.6887
 1350	0.4822	-0.4211	12.3551	8.5433	0.6416	0.6915
 1360	0.4789	-0.4214	12.2934	8.5326	0.6456	0.6941
 1370	0.4761	-0.4225	12.2300	8.5210	0.6494	0.6967
 1380	0.4741	-0.4195	12.1708	8.5076	0.6531	0.6990
 1390	0.4718	-0.4208	12.1153	8.4998	0.6573	0.7016
 1400	0.4694	-0.4207	12.0615	8.4935	0.6615	0.7042
 1410	0.4689	-0.4205	11.9993	8.4912	0.6661	0.7076
 1420	0.4651	-0.4211	11.9411	8.4889	0.6706	0.7109
 1430	0.4623	-0.4214	11.8846	8.4850	0.6750	0.7139
 1440	0.4591	-0.4198	11.8281	8.4766	0.6791	0.7167
 1450	0.4559	-0.4200	11.7727	8.4679	0.6831	0.7193
 1460	0.4564	-0.4178	11.7227	8.4600	0.6871	0.7217
 1470	0.4542	-0.4170	11.6700	8.4509	0.6911	0.7242
 1480	0.4522	-0.4191	11.6119	8.4408	0.6950	0.7269
 1490	0.4495	-0.4193	11.5562	8.4290	0.6987	0.7294
 1500	0.4466	-0.4182	11.5030	8.4134	0.7021	0.7314
 1510	0.4443	-0.4175	11.4533	8.3994	0.7056	0.7334
 1520	0.4430	-0.4161	11.4050	8.3840	0.7089	0.7351
 1530	0.4419	-0.4178	11.3557	8.3713	0.7125	0.7372
 1540	0.4403	-0.4185	11.3099	8.3523	0.7156	0.7385
 1550	0.4381	-0.4203	11.2632	8.3377	0.7189	0.7403
 1560	0.4373	-0.4171	11.2151	8.3241	0.7224	0.7422
 1570	0.4327	-0.4185	11.1707	8.3117	0.7260	0.7441
 1580	0.4305	-0.4173	11.1267	8.2996	0.7295	0.7459
 1590	0.4298	-0.4160	11.0807	8.2908	0.7334	0.7482
 1600	0.4282	-0.4169	11.0349	8.2818	0.7372	0.7505
 1610	0.4249	-0.4173	10.9816	8.2691	0.7406	0.7530
 1620	0.4228	-0.4180	10.9338	8.2562	0.7441	0.7551
 1630	0.4211	-0.4158	10.8921	8.2422	0.7474	0.7567
 1640	0.4203	-0.4155	10.8494	8.2301	0.7509	0.7586
 1650	0.4182	-0.4151	10.8063	8.2195	0.7545	0.7606
 1660	0.4168	-0.4148	10.7628	8.2081	0.7580	0.7626
 1670	0.4152	-0.4153	10.7182	8.1931	0.7612	0.7644
 1680	0.4115	-0.4156	10.6786	8.1729	0.7638	0.7654
 1690	0.4119	-0.4169	10.6403	8.1535	0.7666	0.7663
 1700	0.4089	-0.4162	10.6025	8.1344	0.7693	0.7672
 1710	0.4070	-0.4147	10.5613	8.1192	0.7724	0.7688
 1720	0.4061	-0.4149	10.5234	8.1050	0.7755	0.7702
 1730	0.4044	-0.4161	10.4797	8.0912	0.7787	0.7721
 1740	0.4020	-0.4158	10.4352	8.0764	0.7818	0.7740
 1750	0.3986	-0.4157	10.3959	8.0607	0.7848	0.7754
 1760	0.3988	-0.4138	10.3563	8.0490	0.7881	0.7772
 1770	0.3981	-0.4132	10.3150	8.0392	0.7916	0.7794
 1780	0.3959	-0.4140	10.2722	8.0270	0.7949	0.7814
 1790	0.3946	-0.4140	10.2274	8.0149	0.7981	0.7837
 1800	0.3924	-0.4137	10.1852	8.0044	0.8015	0.7859
 1810	0.3899	-0.4125	10.1430	7.9913	0.8047	0.7879
 1820	0.3888	-0.4110	10.1048	7.9785	0.8078	0.7896
 1830	0.3877	-0.4114	10.0679	7.9664	0.8110	0.7913
 1840	0.3856	-0.4116	10.0289	7.9513	0.8139	0.7928
 1850	0.3841	-0.4122	9.9914	7.9415	0.8173	0.7948
 1860	0.3817	-0.4126	9.9531	7.9250	0.8200	0.7962
 1870	0.3804	-0.4123	9.9181	7.9073	0.8226	0.7973
 1880	0.3791	-0.4111	9.8849	7.8906	0.8253	0.7983
 1890	0.3782	-0.4101	9.8533	7.8729	0.8278	0.7990
 1900	0.3772	-0.4115	9.8175	7.8569	0.8305	0.8003
 1910	0.3755	-0.4108	9.7792	7.8383	0.8329	0.8015
 1920	0.3728	-0.4096	9.7449	7.8172	0.8350	0.8022
 1930	0.3720	-0.4121	9.7117	7.7977	0.8372	0.8029
 1940	0.3713	-0.4102	9.6798	7.7799	0.8396	0.8037
 1950	0.3689	-0.4103	9.6467	7.7657	0.8424	0.8050
 1960	0.3689	-0.4101	9.6108	7.7529	0.8454	0.8067
 1970	0.3668	-0.4108	9.5742	7.7396	0.8482	0.8084
 1980	0.3650	-0.4106	9.5388	7.7275	0.8512	0.8101
 1990	0.3640	-0.4097	9.5045	7.7155	0.8542	0.8118
 2000	0.3604	-0.4081	9.4699	7.7053	0.8573	0.8137
 2010	0.3614	-0.4089	9.4374	7.6946	0.8604	0.8153
 2020	0.3593	-0.4085	9.4012	7.6823	0.8633	0.8172
 2030	0.3573	-0.4071	9.3662	7.6692	0.8661	0.8188
 2040	0.3556	-0.4093	9.3328	7.6552	0.8688	0.8202
 2050	0.3545	-0.4063	9.3014	7.6398	0.8713	0.8214
 2060	0.3530	-0.4054	9.2719	7.6246	0.8738	0.8223
 2070	0.3524	-0.4067	9.2439	7.6104	0.8764	0.8233
 2080	0.3519	-0.4061	9.2169	7.5918	0.8785	0.8237
 2090	0.3494	-0.4077	9.1891	7.5766	0.8809	0.8245
 2100	0.3476	-0.4076	9.1632	7.5582	0.8830	0.8248
 2110	0.3467	-0.4076	9.1351	7.5388	0.8849	0.8253
 2120	0.3456	-0.4082	9.1129	7.5202	0.8869	0.8252
 2130	0.3438	-0.4074	9.0887	7.5046	0.8893	0.8257
 2140	0.3429	-0.4079	9.0617	7.4918	0.8919	0.8268
 2150	0.3408	-0.4060	9.0342	7.4815	0.8948	0.8281
 2160	0.3386	-0.4071	9.0056	7.4653	0.8971	0.8290
 2170	0.3385	-0.4059	8.9796	7.4492	0.8993	0.8296
 2180	0.3371	-0.4064	8.9502	7.4352	0.9017	0.8307
 2190	0.3355	-0.4060	8.9244	7.4195	0.9039	0.8314
 2200	0.3349	-0.4050	8.8936	7.4065	0.9065	0.8328
 2210	0.3337	-0.4063	8.8662	7.3915	0.9087	0.8337
 2220	0.3316	-0.4055	8.8409	7.3751	0.9108	0.8342
 2230	0.3313	-0.4054	8.8156	7.3578	0.9128	0.8346
 2240	0.3280	-0.4050	8.7932	7.3426	0.9150	0.8350
 2250	0.3282	-0.4056	8.7714	7.3270	0.9171	0.8353
 2260	0.3285	-0.4041	8.7489	7.3120	0.9193	0.8358
 2270	0.3265	-0.4071	8.7266	7.2962	0.9214	0.8361
 2280	0.3246	-0.4074	8.7030	7.2823	0.9237	0.8368
 2290	0.3227	-0.4060	8.6774	7.2661	0.9257	0.8374
 2300	0.3203	-0.4041	8.6521	7.2515	0.9278	0.8381
 2310	0.3196	-0.4037	8.6279	7.2367	0.9300	0.8388
 2320	0.3189	-0.4061	8.6013	7.2232	0.9323	0.8398
 2330	0.3187	-0.4034	8.5752	7.2101	0.9346	0.8408
 2340	0.3169	-0.4047	8.5443	7.1953	0.9367	0.8421
 2350	0.3162	-0.4034	8.5168	7.1828	0.9390	0.8434
 2360	0.3152	-0.4035	8.4909	7.1713	0.9415	0.8446
 2370	0.3134	-0.4030	8.4643	7.1599	0.9440	0.8459
 2380	0.3139	-0.4035	8.4364	7.1486	0.9465	0.8473
 2390	0.3123	-0.4019	8.4114	7.1379	0.9490	0.8486
 2400	0.3106	-0.4030	8.3862	7.1244	0.9512	0.8495
 2410	0.3085	-0.4019	8.3602	7.1088	0.9531	0.8503
 2420	0.3073	-0.4023	8.3405	7.0921	0.9548	0.8503
 2430	0.3050	-0.4015	8.3217	7.0772	0.9567	0.8505
 2440	0.3057	-0.4010	8.3056	7.0639	0.9589	0.8505
 2450	0.3047	-0.4019	8.2895	7.0509	0.9610	0.8506
 2460	0.3031	-0.4021	8.2732	7.0334	0.9625	0.8501
 2470	0.3006	-0.4025	8.2594	7.0147	0.9639	0.8493
 2480	0.2990	-0.4028	8.2417	6.9978	0.9655	0.8491
 2490	0.3020	-0.4019	8.2264	6.9798	0.9669	0.8485
 2500	0.2987	-0.4033	8.2063	6.9622	0.9683	0.8484
 2510	0.2968	-0.4031	8.1881	6.9456	0.9698	0.8483
 2520	0.2960	-0.4044	8.1677	6.9313	0.9717	0.8486
 2530	0.2952	-0.4032	8.1473	6.9157	0.9734	0.8488
 2540	0.2932	-0.4034	8.1250	6.9013	0.9752	0.8494
 2550	0.2907	-0.4028	8.1041	6.8847	0.9767	0.8495
 2560	0.2920	-0.4015	8.0819	6.8707	0.9785	0.8501
 2570	0.2920	-0.4008	8.0593	6.8570	0.9804	0.8508
 2580	0.2912	-0.4005	8.0354	6.8449	0.9824	0.8518
 2590	0.2887	-0.4016	8.0105	6.8310	0.9842	0.8528
 2600	0.2871	-0.4005	7.9878	6.8177	0.9861	0.8535
 2610	0.2874	-0.4001	7.9672	6.8052	0.9881	0.8541
 2620	0.2854	-0.4010	7.9475	6.7947	0.9904	0.8550
 2630	0.2846	-0.4008	7.9264	6.7824	0.9923	0.8557
 2640	0.2835	-0.4013	7.9039	6.7686	0.9941	0.8564
 2650	0.2842	-0.4006	7.8886	6.7563	0.9960	0.8565
 2660	0.2820	-0.4011	7.8721	6.7440	0.9980	0.8567
 2670	0.2802	-0.3991	7.8570	6.7303	0.9997	0.8566
 2680	0.2776	-0.3994	7.8410	6.7178	1.0016	0.8568
 2690	0.2771	-0.3986	7.8266	6.7055	1.0035	0.8568
 2700	0.2772	-0.3999	7.8114	6.6927	1.0053	0.8568
 2710	0.2758	-0.4001	7.7932	6.6776	1.0067	0.8568
 2720	0.2746	-0.4003	7.7760	6.6623	1.0081	0.8568
 2730	0.2734	-0.3999	7.7619	6.6471	1.0095	0.8564
 2740	0.2729	-0.3999	7.7480	6.6333	1.0111	0.8561
 2750	0.2724	-0.4000	7.7321	6.6205	1.0128	0.8562
 2760	0.2713	-0.4012	7.7154	6.6057	1.0143	0.8562
 2770	0.2692	-0.4006	7.7002	6.5910	1.0157	0.8560
 2780	0.2685	-0.4004	7.6821	6.5765	1.0171	0.8561
 2790	0.2678	-0.3994	7.6640	6.5620	1.0185	0.8562
 2800	0.2665	-0.4003	7.6443	6.5484	1.0200	0.8566
 2810	0.2658	-0.3991	7.6267	6.5369	1.0219	0.8571
 2820	0.2647	-0.3993	7.6083	6.5254	1.0237	0.8577
 2830	0.2640	-0.3989	7.5908	6.5128	1.0254	0.8580
 2840	0.2628	-0.3984	7.5724	6.4988	1.0268	0.8582
 2850	0.2616	-0.3985	7.5572	6.4834	1.0279	0.8579
 2860	0.2611	-0.3982	7.5430	6.4691	1.0293	0.8576
 2870	0.2610	-0.3979	7.5272	6.4550	1.0306	0.8575
 2880	0.2597	-0.3996	7.5104	6.4409	1.0319	0.8576
 2890	0.2589	-0.3991	7.4942	6.4257	1.0331	0.8574
 2900	0.2571	-0.3988	7.4790	6.4114	1.0344	0.8573
 2910	0.2563	-0.3990	7.4651	6.3977	1.0357	0.8570
 2920	0.2553	-0.3998	7.4509	6.3850	1.0372	0.8570
 2930	0.2548	-0.3990	7.4352	6.3718	1.0386	0.8570
 2940	0.2537	-0.3991	7.4201	6.3585	1.0400	0.8569
 2950	0.2527	-0.3985	7.4055	6.3451	1.0413	0.8568
 2960	0.2513	-0.3978	7.3893	6.3337	1.0430	0.8571
 2970	0.2509	-0.3981	7.3727	6.3221	1.0446	0.8575
 2980	0.2506	-0.3974	7.3560	6.3101	1.0461	0.8578
 2990	0.2502	-0.3967	7.3376	6.2985	1.0477	0.8584
 3000	0.2485	-0.3977	7.3187	6.2871	1.0493	0.8590
