; Name : DAK 12 Ethanol 10 deg.C 2024-Nov-01 15:11:44
; Date : 2024-Nov-01 15:11:44
; Temperature(C) : 10
; Probe : DAK 12
; Network Analyzer : Hewlett Packard / Agilent Technologies 87XX
; Originally imported from : 
; Notes : 
;
; MHz  ReflR  ReflI  EpsR  EpsI  Sigma  TanD
;
   50	0.9928	-0.0559	27.4015	2.8498	0.0079	0.1040
   60	0.9904	-0.0676	27.3440	3.4180	0.0114	0.1250
   70	0.9858	-0.0780	27.2698	4.0150	0.0156	0.1472
   80	0.9840	-0.0885	27.1786	4.5125	0.0201	0.1660
   90	0.9807	-0.0985	27.0637	4.8706	0.0244	0.1800
  100	0.9726	-0.1074	26.9090	5.2632	0.0293	0.1956
  110	0.9682	-0.1177	26.7399	5.6823	0.0348	0.2125
  120	0.9624	-0.1274	26.5572	6.1124	0.0408	0.2302
  130	0.9561	-0.1351	26.3343	6.5913	0.0477	0.2503
  140	0.9499	-0.1429	26.0860	7.0351	0.0548	0.2697
  150	0.9444	-0.1519	25.7980	7.4611	0.0623	0.2892
  160	0.9381	-0.1586	25.4668	7.9042	0.0704	0.3104
  170	0.9344	-0.1656	25.1141	8.3029	0.0785	0.3306
  180	0.9227	-0.1712	24.7528	8.6584	0.0867	0.3498
  190	0.9142	-0.1764	24.3885	8.9893	0.0950	0.3686
  200	0.9112	-0.1816	24.0230	9.2875	0.1033	0.3866
  210	0.9046	-0.1891	23.6376	9.5531	0.1116	0.4041
  220	0.8964	-0.1928	23.2245	9.7961	0.1199	0.4218
  230	0.8907	-0.1971	22.8038	10.0046	0.1280	0.4387
  240	0.8849	-0.2014	22.3738	10.1949	0.1361	0.4557
  250	0.8798	-0.2020	21.9475	10.3841	0.1444	0.4731
  260	0.8731	-0.2034	21.5508	10.5749	0.1530	0.4907
  270	0.8674	-0.2102	21.1639	10.7481	0.1614	0.5078
  280	0.8581	-0.2121	20.7778	10.9199	0.1701	0.5256
  290	0.8535	-0.2144	20.4106	11.0836	0.1788	0.5430
  300	0.8491	-0.2163	20.0775	11.2414	0.1876	0.5599
  310	0.8426	-0.2180	19.7491	11.3947	0.1965	0.5770
  320	0.8351	-0.2194	19.4370	11.5387	0.2054	0.5936
  330	0.8291	-0.2229	19.1369	11.6815	0.2145	0.6104
  340	0.8234	-0.2267	18.8461	11.7899	0.2230	0.6256
  350	0.8164	-0.2276	18.5621	11.8660	0.2310	0.6393
  360	0.8107	-0.2291	18.2932	11.9257	0.2388	0.6519
  370	0.8046	-0.2314	17.9969	11.9742	0.2465	0.6653
  380	0.7989	-0.2333	17.7022	11.9800	0.2533	0.6767
  390	0.7963	-0.2336	17.3929	11.9757	0.2598	0.6885
  400	0.7947	-0.2335	17.0678	11.9586	0.2661	0.7007
  410	0.7877	-0.2341	16.7432	11.9345	0.2722	0.7128
  420	0.7860	-0.2355	16.4471	11.8946	0.2779	0.7232
  430	0.7827	-0.2354	16.1299	11.8663	0.2839	0.7357
  440	0.7802	-0.2335	15.8233	11.8234	0.2894	0.7472
  450	0.7758	-0.2347	15.5200	11.7904	0.2952	0.7597
  460	0.7716	-0.2351	15.2336	11.7649	0.3011	0.7723
  470	0.7668	-0.2351	14.9713	11.7489	0.3072	0.7848
  480	0.7643	-0.2352	14.7287	11.7344	0.3133	0.7967
  490	0.7600	-0.2364	14.5057	11.7234	0.3196	0.8082
  500	0.7548	-0.2368	14.2927	11.7226	0.3261	0.8202
  510	0.7514	-0.2380	14.1014	11.7168	0.3324	0.8309
  520	0.7462	-0.2363	13.9171	11.7101	0.3388	0.8414
  530	0.7443	-0.2393	13.7361	11.6861	0.3446	0.8508
  540	0.7400	-0.2392	13.5544	11.6505	0.3500	0.8595
  550	0.7361	-0.2413	13.3756	11.6019	0.3550	0.8674
  560	0.7338	-0.2385	13.2018	11.5481	0.3598	0.8747
  570	0.7323	-0.2411	13.0230	11.4657	0.3636	0.8804
  580	0.7297	-0.2393	12.8394	11.3771	0.3671	0.8861
  590	0.7276	-0.2418	12.6435	11.2781	0.3702	0.8920
  600	0.7249	-0.2405	12.4588	11.1747	0.3730	0.8969
  610	0.7240	-0.2410	12.2709	11.0658	0.3755	0.9018
  620	0.7218	-0.2423	12.0876	10.9614	0.3781	0.9068
  630	0.7207	-0.2405	11.9075	10.8601	0.3806	0.9120
  640	0.7199	-0.2408	11.7370	10.7739	0.3836	0.9179
  650	0.7177	-0.2407	11.5739	10.7023	0.3870	0.9247
  660	0.7159	-0.2430	11.4191	10.6370	0.3906	0.9315
  670	0.7132	-0.2410	11.2705	10.5835	0.3945	0.9390
  680	0.7126	-0.2409	11.1469	10.5320	0.3984	0.9448
  690	0.7085	-0.2413	11.0288	10.4959	0.4029	0.9517
  700	0.7055	-0.2419	10.9174	10.4613	0.4074	0.9582
  710	0.7019	-0.2418	10.8046	10.4213	0.4116	0.9645
  720	0.6996	-0.2427	10.7064	10.3747	0.4156	0.9690
  730	0.6955	-0.2450	10.6017	10.3218	0.4192	0.9736
  740	0.6937	-0.2436	10.5078	10.2612	0.4224	0.9765
  750	0.6914	-0.2448	10.4045	10.1885	0.4251	0.9792
  760	0.6914	-0.2453	10.3028	10.1040	0.4272	0.9807
  770	0.6901	-0.2469	10.1979	10.0131	0.4289	0.9819
  780	0.6899	-0.2473	10.0859	9.9130	0.4302	0.9829
  790	0.6892	-0.2474	9.9772	9.8045	0.4309	0.9827
  800	0.6881	-0.2474	9.8662	9.7010	0.4317	0.9833
  810	0.6883	-0.2470	9.7591	9.5972	0.4325	0.9834
  820	0.6889	-0.2458	9.6474	9.5022	0.4335	0.9849
  830	0.6882	-0.2477	9.5369	9.4113	0.4346	0.9868
  840	0.6860	-0.2481	9.4356	9.3371	0.4363	0.9896
  850	0.6840	-0.2471	9.3393	9.2682	0.4383	0.9924
  860	0.6825	-0.2482	9.2471	9.2125	0.4408	0.9963
  870	0.6799	-0.2489	9.1664	9.1650	0.4436	0.9998
  880	0.6791	-0.2485	9.0884	9.1217	0.4466	1.0037
  890	0.6754	-0.2496	9.0112	9.0868	0.4499	1.0084
  900	0.6747	-0.2499	8.9479	9.0489	0.4531	1.0113
  910	0.6724	-0.2505	8.8893	9.0136	0.4563	1.0140
  920	0.6702	-0.2501	8.8303	8.9703	0.4591	1.0159
  930	0.6686	-0.2511	8.7715	8.9192	0.4615	1.0168
  940	0.6685	-0.2525	8.7109	8.8624	0.4634	1.0174
  950	0.6666	-0.2515	8.6491	8.7921	0.4647	1.0165
  960	0.6659	-0.2531	8.5849	8.7133	0.4653	1.0150
  970	0.6642	-0.2551	8.5172	8.6262	0.4655	1.0128
  980	0.6646	-0.2542	8.4536	8.5352	0.4653	1.0097
  990	0.6629	-0.2554	8.3872	8.4454	0.4651	1.0069
 1000	0.6641	-0.2567	8.3152	8.3622	0.4652	1.0057
 1010	0.6638	-0.2564	8.2453	8.2803	0.4653	1.0043
 1020	0.6626	-0.2583	8.1743	8.2086	0.4658	1.0042
 1030	0.6656	-0.2571	8.1040	8.1442	0.4667	1.0050
 1040	0.6636	-0.2561	8.0404	8.0950	0.4683	1.0068
 1050	0.6639	-0.2581	7.9763	8.0511	0.4703	1.0094
 1060	0.6589	-0.2588	7.9191	8.0159	0.4727	1.0122
 1070	0.6587	-0.2572	7.8651	7.9868	0.4754	1.0155
 1080	0.6562	-0.2581	7.8178	7.9603	0.4783	1.0182
 1090	0.6527	-0.2572	7.7759	7.9337	0.4811	1.0203
 1100	0.6516	-0.2583	7.7365	7.9064	0.4838	1.0220
 1110	0.6482	-0.2595	7.7038	7.8748	0.4863	1.0222
 1120	0.6470	-0.2599	7.6708	7.8360	0.4882	1.0215
 1130	0.6463	-0.2616	7.6334	7.7866	0.4895	1.0201
 1140	0.6461	-0.2644	7.5983	7.7306	0.4903	1.0174
 1150	0.6446	-0.2641	7.5625	7.6636	0.4903	1.0134
 1160	0.6459	-0.2656	7.5213	7.5907	0.4898	1.0092
 1170	0.6462	-0.2659	7.4787	7.5129	0.4890	1.0046
 1180	0.6474	-0.2669	7.4291	7.4294	0.4877	1.0000
 1190	0.6462	-0.2676	7.3802	7.3539	0.4868	0.9964
 1200	0.6469	-0.2668	7.3309	7.2809	0.4861	0.9932
 1210	0.6472	-0.2680	7.2795	7.2194	0.4860	0.9917
 1220	0.6471	-0.2677	7.2244	7.1609	0.4860	0.9912
 1230	0.6462	-0.2675	7.1729	7.1117	0.4866	0.9915
 1240	0.6446	-0.2683	7.1207	7.0724	0.4879	0.9932
 1250	0.6439	-0.2690	7.0734	7.0402	0.4896	0.9953
 1260	0.6409	-0.2696	7.0298	7.0145	0.4917	0.9978
 1270	0.6397	-0.2696	6.9887	6.9888	0.4938	1.0000
 1280	0.6390	-0.2697	6.9536	6.9684	0.4962	1.0021
 1290	0.6374	-0.2691	6.9260	6.9463	0.4985	1.0029
 1300	0.6353	-0.2709	6.8970	6.9206	0.5005	1.0034
 1310	0.6349	-0.2708	6.8732	6.8896	0.5021	1.0024
 1320	0.6335	-0.2711	6.8512	6.8553	0.5034	1.0006
 1330	0.6334	-0.2732	6.8312	6.8113	0.5040	0.9971
 1340	0.6320	-0.2742	6.8094	6.7626	0.5041	0.9931
 1350	0.6315	-0.2746	6.7820	6.7017	0.5033	0.9882
 1360	0.6309	-0.2755	6.7569	6.6385	0.5023	0.9825
 1370	0.6306	-0.2777	6.7250	6.5711	0.5008	0.9771
 1380	0.6315	-0.2794	6.6904	6.5062	0.4995	0.9725
 1390	0.6322	-0.2802	6.6557	6.4458	0.4984	0.9685
 1400	0.6313	-0.2809	6.6187	6.3899	0.4977	0.9654
 1410	0.6323	-0.2814	6.5816	6.3431	0.4976	0.9638
 1420	0.6344	-0.2817	6.5405	6.3056	0.4981	0.9641
 1430	0.6323	-0.2799	6.4998	6.2749	0.4992	0.9654
 1440	0.6310	-0.2812	6.4646	6.2534	0.5010	0.9673
 1450	0.6321	-0.2800	6.4354	6.2383	0.5032	0.9694
 1460	0.6292	-0.2800	6.4095	6.2233	0.5055	0.9710
 1470	0.6252	-0.2799	6.3847	6.2118	0.5080	0.9729
 1480	0.6228	-0.2814	6.3675	6.1953	0.5101	0.9730
 1490	0.6193	-0.2817	6.3510	6.1787	0.5122	0.9729
 1500	0.6198	-0.2825	6.3364	6.1551	0.5136	0.9714
 1510	0.6159	-0.2854	6.3229	6.1260	0.5146	0.9689
 1520	0.6171	-0.2866	6.3095	6.0921	0.5151	0.9655
 1530	0.6172	-0.2875	6.2956	6.0505	0.5150	0.9611
 1540	0.6167	-0.2892	6.2803	6.0083	0.5147	0.9567
 1550	0.6181	-0.2908	6.2656	5.9621	0.5141	0.9516
 1560	0.6190	-0.2930	6.2492	5.9149	0.5133	0.9465
 1570	0.6189	-0.2918	6.2270	5.8651	0.5123	0.9419
 1580	0.6204	-0.2910	6.2038	5.8208	0.5116	0.9383
 1590	0.6193	-0.2919	6.1804	5.7786	0.5111	0.9350
 1600	0.6170	-0.2921	6.1534	5.7425	0.5111	0.9332
 1610	0.6162	-0.2948	6.1262	5.7132	0.5117	0.9326
 1620	0.6141	-0.2922	6.0983	5.6913	0.5129	0.9333
 1630	0.6128	-0.2953	6.0716	5.6709	0.5142	0.9340
 1640	0.6105	-0.2953	6.0456	5.6564	0.5161	0.9356
 1650	0.6099	-0.2972	6.0220	5.6439	0.5181	0.9372
 1660	0.6094	-0.2976	6.0047	5.6344	0.5203	0.9383
 1670	0.6082	-0.2962	5.9865	5.6221	0.5223	0.9391
 1680	0.6090	-0.2970	5.9739	5.6091	0.5242	0.9389
 1690	0.6067	-0.2957	5.9660	5.5944	0.5260	0.9377
 1700	0.6064	-0.2972	5.9592	5.5742	0.5272	0.9354
 1710	0.6025	-0.2987	5.9538	5.5516	0.5281	0.9324
 1720	0.6034	-0.2985	5.9443	5.5235	0.5285	0.9292
 1730	0.6022	-0.3007	5.9340	5.4933	0.5287	0.9257
 1740	0.6006	-0.3027	5.9262	5.4617	0.5287	0.9216
 1750	0.5976	-0.3051	5.9135	5.4269	0.5283	0.9177
 1760	0.5981	-0.3066	5.9009	5.3905	0.5278	0.9135
 1770	0.5972	-0.3072	5.8837	5.3553	0.5273	0.9102
 1780	0.5990	-0.3089	5.8663	5.3201	0.5268	0.9069
 1790	0.5994	-0.3094	5.8449	5.2886	0.5266	0.9048
 1800	0.5989	-0.3089	5.8225	5.2593	0.5266	0.9033
 1810	0.5994	-0.3091	5.7987	5.2364	0.5273	0.9030
 1820	0.5998	-0.3073	5.7744	5.2182	0.5283	0.9037
 1830	0.5993	-0.3077	5.7530	5.2012	0.5295	0.9041
 1840	0.5970	-0.3077	5.7343	5.1903	0.5313	0.9051
 1850	0.5953	-0.3080	5.7214	5.1805	0.5332	0.9055
 1860	0.5915	-0.3090	5.7126	5.1727	0.5352	0.9055
 1870	0.5914	-0.3107	5.7050	5.1598	0.5368	0.9044
 1880	0.5879	-0.3111	5.7031	5.1463	0.5382	0.9024
 1890	0.5845	-0.3141	5.7045	5.1306	0.5395	0.8994
 1900	0.5850	-0.3142	5.7070	5.1116	0.5403	0.8957
 1910	0.5830	-0.3168	5.7100	5.0865	0.5405	0.8908
 1920	0.5830	-0.3201	5.7118	5.0615	0.5406	0.8861
 1930	0.5836	-0.3205	5.7130	5.0311	0.5402	0.8806
 1940	0.5846	-0.3217	5.7116	5.0008	0.5397	0.8756
 1950	0.5853	-0.3223	5.7050	4.9678	0.5389	0.8708
 1960	0.5841	-0.3231	5.6955	4.9373	0.5384	0.8669
 1970	0.5835	-0.3235	5.6847	4.9075	0.5378	0.8633
 1980	0.5837	-0.3250	5.6739	4.8810	0.5376	0.8603
 1990	0.5824	-0.3255	5.6637	4.8584	0.5379	0.8578
 2000	0.5797	-0.3265	5.6515	4.8391	0.5384	0.8563
 2010	0.5774	-0.3275	5.6395	4.8236	0.5394	0.8553
 2020	0.5766	-0.3287	5.6282	4.8096	0.5405	0.8546
 2030	0.5752	-0.3291	5.6175	4.8009	0.5422	0.8546
 2040	0.5740	-0.3302	5.6100	4.7945	0.5441	0.8546
 2050	0.5741	-0.3298	5.6025	4.7859	0.5458	0.8542
 2060	0.5739	-0.3321	5.6001	4.7760	0.5473	0.8528
 2070	0.5714	-0.3314	5.5991	4.7618	0.5483	0.8504
 2080	0.5702	-0.3331	5.5954	4.7459	0.5492	0.8482
 2090	0.5680	-0.3344	5.5955	4.7266	0.5496	0.8447
 2100	0.5700	-0.3352	5.5949	4.7039	0.5495	0.8408
 2110	0.5672	-0.3346	5.5957	4.6786	0.5492	0.8361
 2120	0.5666	-0.3376	5.5938	4.6482	0.5482	0.8310
 2130	0.5653	-0.3388	5.5920	4.6170	0.5471	0.8256
 2140	0.5638	-0.3428	5.5900	4.5863	0.5460	0.8204
 2150	0.5637	-0.3439	5.5857	4.5567	0.5450	0.8158
 2160	0.5644	-0.3454	5.5792	4.5288	0.5442	0.8117
 2170	0.5644	-0.3476	5.5702	4.5047	0.5438	0.8087
 2180	0.5657	-0.3477	5.5571	4.4840	0.5438	0.8069
 2190	0.5640	-0.3472	5.5446	4.4674	0.5443	0.8057
 2200	0.5638	-0.3474	5.5324	4.4531	0.5450	0.8049
 2210	0.5630	-0.3478	5.5218	4.4439	0.5464	0.8048
 2220	0.5621	-0.3487	5.5128	4.4398	0.5483	0.8054
 2230	0.5606	-0.3463	5.5081	4.4343	0.5501	0.8051
 2240	0.5567	-0.3481	5.5025	4.4301	0.5521	0.8051
 2250	0.5543	-0.3480	5.4973	4.4250	0.5539	0.8049
 2260	0.5509	-0.3498	5.4946	4.4218	0.5559	0.8047
 2270	0.5511	-0.3504	5.4970	4.4163	0.5577	0.8034
 2280	0.5484	-0.3519	5.5007	4.4097	0.5593	0.8017
 2290	0.5467	-0.3554	5.5092	4.3966	0.5601	0.7980
 2300	0.5469	-0.3572	5.5144	4.3807	0.5605	0.7944
 2310	0.5468	-0.3596	5.5188	4.3604	0.5603	0.7901
 2320	0.5451	-0.3612	5.5229	4.3359	0.5596	0.7851
 2330	0.5466	-0.3602	5.5237	4.3109	0.5588	0.7804
 2340	0.5454	-0.3612	5.5217	4.2856	0.5579	0.7761
 2350	0.5456	-0.3633	5.5156	4.2603	0.5570	0.7724
 2360	0.5443	-0.3625	5.5080	4.2348	0.5560	0.7688
 2370	0.5424	-0.3634	5.4988	4.2106	0.5552	0.7657
 2380	0.5416	-0.3673	5.4860	4.1909	0.5549	0.7639
 2390	0.5416	-0.3675	5.4766	4.1765	0.5553	0.7626
 2400	0.5412	-0.3685	5.4653	4.1625	0.5558	0.7616
 2410	0.5418	-0.3683	5.4555	4.1520	0.5567	0.7611
 2420	0.5398	-0.3688	5.4451	4.1421	0.5576	0.7607
 2430	0.5381	-0.3673	5.4393	4.1333	0.5588	0.7599
 2440	0.5374	-0.3709	5.4359	4.1250	0.5599	0.7588
 2450	0.5361	-0.3698	5.4329	4.1144	0.5608	0.7573
 2460	0.5349	-0.3698	5.4312	4.1037	0.5616	0.7556
 2470	0.5344	-0.3721	5.4301	4.0918	0.5623	0.7535
 2480	0.5316	-0.3737	5.4277	4.0748	0.5622	0.7507
 2490	0.5308	-0.3753	5.4284	4.0575	0.5621	0.7475
 2500	0.5292	-0.3744	5.4291	4.0381	0.5616	0.7438
 2510	0.5285	-0.3765	5.4277	4.0193	0.5612	0.7405
 2520	0.5285	-0.3796	5.4272	3.9981	0.5605	0.7367
 2530	0.5294	-0.3805	5.4251	3.9764	0.5597	0.7330
 2540	0.5265	-0.3818	5.4188	3.9552	0.5589	0.7299
 2550	0.5286	-0.3841	5.4119	3.9348	0.5582	0.7271
 2560	0.5276	-0.3843	5.4018	3.9173	0.5579	0.7252
 2570	0.5278	-0.3839	5.3919	3.9029	0.5580	0.7238
 2580	0.5279	-0.3854	5.3806	3.8905	0.5584	0.7231
 2590	0.5256	-0.3843	5.3722	3.8785	0.5588	0.7220
 2600	0.5250	-0.3848	5.3607	3.8691	0.5596	0.7218
 2610	0.5229	-0.3837	5.3495	3.8611	0.5606	0.7218
 2620	0.5206	-0.3835	5.3404	3.8528	0.5616	0.7214
 2630	0.5213	-0.3851	5.3332	3.8459	0.5627	0.7211
 2640	0.5191	-0.3862	5.3270	3.8390	0.5638	0.7207
 2650	0.5175	-0.3879	5.3220	3.8319	0.5649	0.7200
 2660	0.5164	-0.3884	5.3201	3.8207	0.5654	0.7182
 2670	0.5164	-0.3907	5.3199	3.8088	0.5657	0.7159
 2680	0.5150	-0.3906	5.3203	3.7957	0.5659	0.7134
 2690	0.5151	-0.3916	5.3223	3.7815	0.5659	0.7105
 2700	0.5143	-0.3942	5.3240	3.7632	0.5653	0.7068
 2710	0.5137	-0.3940	5.3261	3.7448	0.5646	0.7031
 2720	0.5128	-0.3956	5.3257	3.7228	0.5633	0.6990
 2730	0.5122	-0.3962	5.3260	3.7012	0.5621	0.6949
 2740	0.5098	-0.3993	5.3239	3.6802	0.5610	0.6913
 2750	0.5098	-0.4009	5.3191	3.6597	0.5599	0.6880
 2760	0.5091	-0.4009	5.3132	3.6413	0.5591	0.6853
 2770	0.5093	-0.4019	5.3067	3.6245	0.5585	0.6830
 2780	0.5094	-0.4034	5.2982	3.6056	0.5576	0.6805
 2790	0.5085	-0.4041	5.2892	3.5905	0.5573	0.6788
 2800	0.5081	-0.4047	5.2803	3.5780	0.5573	0.6776
 2810	0.5094	-0.4063	5.2701	3.5670	0.5576	0.6768
 2820	0.5082	-0.4059	5.2603	3.5570	0.5580	0.6762
 2830	0.5071	-0.4059	5.2511	3.5483	0.5586	0.6757
 2840	0.5064	-0.4051	5.2434	3.5384	0.5590	0.6748
 2850	0.5045	-0.4049	5.2370	3.5284	0.5594	0.6738
 2860	0.5018	-0.4060	5.2301	3.5186	0.5598	0.6728
 2870	0.5030	-0.4065	5.2253	3.5073	0.5600	0.6712
 2880	0.5000	-0.4078	5.2208	3.4953	0.5600	0.6695
 2890	0.5003	-0.4100	5.2171	3.4825	0.5599	0.6675
 2900	0.4999	-0.4099	5.2116	3.4675	0.5594	0.6653
 2910	0.4991	-0.4121	5.2061	3.4525	0.5589	0.6632
 2920	0.4967	-0.4130	5.1999	3.4355	0.5581	0.6607
 2930	0.4993	-0.4150	5.1933	3.4172	0.5570	0.6580
 2940	0.5001	-0.4153	5.1868	3.4024	0.5565	0.6560
 2950	0.4988	-0.4158	5.1789	3.3884	0.5561	0.6543
 2960	0.4990	-0.4156	5.1682	3.3759	0.5559	0.6532
 2970	0.4982	-0.4145	5.1559	3.3662	0.5562	0.6529
 2980	0.4972	-0.4147	5.1431	3.3596	0.5570	0.6532
 2990	0.4960	-0.4155	5.1275	3.3536	0.5578	0.6541
 3000	0.4949	-0.4153	5.1131	3.3500	0.5591	0.6552
