; Name : DAK 12 Water 24.2 deg.C 2024-Nov-08 12:53:08
; Date : 2024-Nov-08 12:53:08
; Temperature(C) : 24.2
; Probe : DAK 12
; Network Analyzer : Hewlett Packard / Agilent Technologies 87XX
; Originally imported from : 
; Notes : 
;
; MHz  ReflR  ReflI  EpsR  EpsI  Sigma  TanD
;
   50	1.0009	-0.0927	45.5324	0.0024	0.0000	0.0001
   60	0.9992	-0.1061	45.1116	-0.1523	-0.0005	-0.0034
   70	0.9954	-0.1233	44.6846	-0.1625	-0.0006	-0.0036
   80	0.9926	-0.1383	44.3160	-0.0489	-0.0002	-0.0011
   90	0.9947	-0.1605	44.0520	-0.0047	-0.0000	-0.0001
  100	0.9898	-0.1792	43.8443	0.1357	0.0008	0.0031
  110	0.9806	-0.1963	43.7539	0.3048	0.0019	0.0070
  120	0.9758	-0.2108	43.7337	0.5034	0.0034	0.0115
  130	0.9690	-0.2269	43.7620	0.8510	0.0062	0.0194
  140	0.9623	-0.2448	43.8449	1.1925	0.0093	0.0272
  150	0.9573	-0.2646	43.9998	1.4961	0.0125	0.0340
  160	0.9483	-0.2798	44.1815	1.7579	0.0156	0.0398
  170	0.9427	-0.2992	44.3636	1.9958	0.0189	0.0450
  180	0.9306	-0.3125	44.4043	2.2683	0.0227	0.0511
  190	0.9239	-0.3251	44.3700	2.5186	0.0266	0.0568
  200	0.9186	-0.3402	44.1587	2.7318	0.0304	0.0619
  210	0.9083	-0.3567	43.9022	2.9446	0.0344	0.0671
  220	0.9008	-0.3682	43.6928	3.1077	0.0380	0.0711
  230	0.8920	-0.3784	43.4896	3.2400	0.0415	0.0745
  240	0.8846	-0.3929	43.3647	3.3770	0.0451	0.0779
  250	0.8784	-0.4033	43.2128	3.5271	0.0491	0.0816
  260	0.8695	-0.4165	43.0402	3.7005	0.0535	0.0860
  270	0.8656	-0.4327	42.8486	3.8582	0.0580	0.0900
  280	0.8502	-0.4422	42.7052	4.0285	0.0628	0.0943
  290	0.8376	-0.4547	42.6125	4.1904	0.0676	0.0983
  300	0.8274	-0.4653	42.5605	4.3434	0.0725	0.1021
  310	0.8201	-0.4759	42.4929	4.5126	0.0778	0.1062
  320	0.8117	-0.4896	42.4473	4.6921	0.0835	0.1105
  330	0.7977	-0.4982	42.3732	4.8953	0.0899	0.1155
  340	0.7845	-0.5105	42.3026	5.0711	0.0959	0.1199
  350	0.7747	-0.5209	42.2486	5.2188	0.1016	0.1235
  360	0.7617	-0.5270	42.1950	5.3802	0.1078	0.1275
  370	0.7546	-0.5347	42.1201	5.5384	0.1140	0.1315
  380	0.7458	-0.5467	42.0291	5.6910	0.1203	0.1354
  390	0.7355	-0.5558	41.9424	5.8233	0.1263	0.1388
  400	0.7224	-0.5660	41.8435	5.9456	0.1323	0.1421
  410	0.7084	-0.5719	41.7653	6.0678	0.1384	0.1453
  420	0.7001	-0.5800	41.6965	6.1943	0.1447	0.1486
  430	0.6883	-0.5860	41.6303	6.3701	0.1524	0.1530
  440	0.6765	-0.5940	41.5617	6.5370	0.1600	0.1573
  450	0.6633	-0.6050	41.4942	6.7054	0.1679	0.1616
  460	0.6539	-0.6113	41.4264	6.8662	0.1757	0.1657
  470	0.6406	-0.6163	41.3746	7.0303	0.1838	0.1699
  480	0.6289	-0.6194	41.3211	7.2179	0.1927	0.1747
  490	0.6157	-0.6253	41.2786	7.3889	0.2014	0.1790
  500	0.6065	-0.6325	41.2086	7.5444	0.2099	0.1831
  510	0.5958	-0.6360	41.1225	7.6899	0.2182	0.1870
  520	0.5808	-0.6433	41.0183	7.7848	0.2252	0.1898
  530	0.5703	-0.6467	40.9172	7.8559	0.2316	0.1920
  540	0.5603	-0.6508	40.8027	7.9108	0.2376	0.1939
  550	0.5510	-0.6565	40.6772	7.9661	0.2437	0.1958
  560	0.5424	-0.6618	40.5198	8.0108	0.2496	0.1977
  570	0.5330	-0.6674	40.3513	8.0376	0.2549	0.1992
  580	0.5229	-0.6712	40.1817	8.0586	0.2600	0.2006
  590	0.5167	-0.6742	40.0382	8.0677	0.2648	0.2015
  600	0.5062	-0.6786	39.9147	8.0887	0.2700	0.2026
  610	0.4988	-0.6821	39.7893	8.1348	0.2761	0.2044
  620	0.4910	-0.6860	39.6889	8.2142	0.2833	0.2070
  630	0.4814	-0.6869	39.5992	8.3046	0.2911	0.2097
  640	0.4694	-0.6907	39.5294	8.4236	0.2999	0.2131
  650	0.4587	-0.6920	39.4700	8.5564	0.3094	0.2168
  660	0.4447	-0.6934	39.4228	8.7083	0.3197	0.2209
  670	0.4344	-0.6965	39.3831	8.8739	0.3308	0.2253
  680	0.4221	-0.6990	39.3158	9.0403	0.3420	0.2299
  690	0.4101	-0.7034	39.2368	9.1971	0.3530	0.2344
  700	0.3969	-0.7037	39.1415	9.3357	0.3635	0.2385
  710	0.3879	-0.7031	39.0301	9.4470	0.3731	0.2420
  720	0.3781	-0.7016	38.9077	9.5386	0.3821	0.2452
  730	0.3733	-0.7004	38.7694	9.6179	0.3906	0.2481
  740	0.3669	-0.7036	38.6092	9.6621	0.3978	0.2503
  750	0.3603	-0.7047	38.4466	9.6950	0.4045	0.2522
  760	0.3543	-0.7048	38.2700	9.7098	0.4105	0.2537
  770	0.3459	-0.7059	38.0933	9.7081	0.4159	0.2549
  780	0.3410	-0.7100	37.9263	9.7153	0.4216	0.2562
  790	0.3339	-0.7095	37.7765	9.7179	0.4271	0.2572
  800	0.3256	-0.7114	37.6343	9.7308	0.4331	0.2586
  810	0.3160	-0.7155	37.5162	9.7440	0.4391	0.2597
  820	0.3065	-0.7167	37.4128	9.7566	0.4451	0.2608
  830	0.2983	-0.7169	37.3327	9.7756	0.4514	0.2619
  840	0.2895	-0.7168	37.2747	9.8117	0.4585	0.2632
  850	0.2820	-0.7158	37.2246	9.8580	0.4662	0.2648
  860	0.2757	-0.7173	37.1765	9.9163	0.4744	0.2667
  870	0.2677	-0.7184	37.1283	9.9770	0.4829	0.2687
  880	0.2577	-0.7173	37.0696	10.0140	0.4902	0.2701
  890	0.2513	-0.7198	37.0161	10.0384	0.4970	0.2712
  900	0.2428	-0.7194	36.9492	10.0505	0.5032	0.2720
  910	0.2348	-0.7196	36.8724	10.0707	0.5098	0.2731
  920	0.2285	-0.7224	36.7843	10.0656	0.5152	0.2736
  930	0.2191	-0.7223	36.6750	10.0560	0.5203	0.2742
  940	0.2117	-0.7239	36.5634	10.0478	0.5254	0.2748
  950	0.2046	-0.7225	36.4549	10.0412	0.5307	0.2754
  960	0.1984	-0.7236	36.3444	10.0483	0.5366	0.2765
  970	0.1936	-0.7232	36.2303	10.0822	0.5441	0.2783
  980	0.1902	-0.7240	36.1156	10.1497	0.5534	0.2810
  990	0.1839	-0.7215	36.0040	10.2368	0.5638	0.2843
 1000	0.1794	-0.7218	35.8937	10.3417	0.5753	0.2881
 1010	0.1709	-0.7180	35.7970	10.4473	0.5870	0.2918
 1020	0.1626	-0.7135	35.7161	10.5685	0.5997	0.2959
 1030	0.1562	-0.7124	35.6425	10.6681	0.6113	0.2993
 1040	0.1470	-0.7104	35.5738	10.7560	0.6223	0.3024
 1050	0.1398	-0.7107	35.5016	10.8323	0.6327	0.3051
 1060	0.1284	-0.7047	35.4259	10.8707	0.6410	0.3069
 1070	0.1222	-0.7066	35.3526	10.8671	0.6469	0.3074
 1080	0.1174	-0.7035	35.2833	10.8410	0.6513	0.3073
 1090	0.1114	-0.7062	35.2013	10.7830	0.6539	0.3063
 1100	0.1068	-0.7095	35.1197	10.7024	0.6549	0.3047
 1110	0.1046	-0.7127	35.0330	10.6043	0.6548	0.3027
 1120	0.1015	-0.7162	34.9385	10.5038	0.6545	0.3006
 1130	0.0969	-0.7162	34.8439	10.4066	0.6542	0.2987
 1140	0.0935	-0.7180	34.7532	10.3309	0.6552	0.2973
 1150	0.0900	-0.7172	34.6669	10.2721	0.6572	0.2963
 1160	0.0848	-0.7188	34.5916	10.2539	0.6617	0.2964
 1170	0.0760	-0.7145	34.5133	10.2626	0.6680	0.2974
 1180	0.0702	-0.7179	34.4429	10.2931	0.6757	0.2988
 1190	0.0599	-0.7144	34.3834	10.3540	0.6854	0.3011
 1200	0.0527	-0.7085	34.3340	10.4395	0.6969	0.3041
 1210	0.0471	-0.7051	34.2976	10.5530	0.7104	0.3077
 1220	0.0407	-0.7038	34.2634	10.6621	0.7236	0.3112
 1230	0.0333	-0.7008	34.2261	10.7752	0.7373	0.3148
 1240	0.0304	-0.6977	34.2068	10.8709	0.7499	0.3178
 1250	0.0237	-0.6977	34.1981	10.9431	0.7610	0.3200
 1260	0.0183	-0.6962	34.1882	10.9891	0.7703	0.3214
 1270	0.0129	-0.6946	34.1882	11.0080	0.7777	0.3220
 1280	0.0064	-0.6941	34.1941	11.0060	0.7837	0.3219
 1290	-0.0002	-0.6934	34.1884	10.9652	0.7869	0.3207
 1300	-0.0073	-0.6946	34.1762	10.8890	0.7875	0.3186
 1310	-0.0164	-0.6943	34.1596	10.7940	0.7866	0.3160
 1320	-0.0211	-0.6949	34.1360	10.6893	0.7850	0.3131
 1330	-0.0269	-0.6965	34.1068	10.5756	0.7825	0.3101
 1340	-0.0310	-0.6984	34.0630	10.4913	0.7821	0.3080
 1350	-0.0357	-0.6999	34.0023	10.4305	0.7834	0.3068
 1360	-0.0403	-0.7014	33.9236	10.3954	0.7865	0.3064
 1370	-0.0439	-0.7018	33.8494	10.3846	0.7915	0.3068
 1380	-0.0436	-0.7008	33.7683	10.4046	0.7988	0.3081
 1390	-0.0463	-0.6979	33.6843	10.4550	0.8085	0.3104
 1400	-0.0510	-0.6957	33.6089	10.5208	0.8194	0.3130
 1410	-0.0535	-0.6918	33.5351	10.5888	0.8306	0.3158
 1420	-0.0594	-0.6876	33.4643	10.6503	0.8413	0.3183
 1430	-0.0687	-0.6811	33.3972	10.6996	0.8512	0.3204
 1440	-0.0739	-0.6763	33.3370	10.7234	0.8590	0.3217
 1450	-0.0796	-0.6760	33.2880	10.7158	0.8644	0.3219
 1460	-0.0846	-0.6735	33.2387	10.6900	0.8683	0.3216
 1470	-0.0883	-0.6754	33.1918	10.6412	0.8702	0.3206
 1480	-0.0941	-0.6780	33.1523	10.5758	0.8708	0.3190
 1490	-0.0963	-0.6802	33.1111	10.5052	0.8708	0.3173
 1500	-0.0999	-0.6832	33.0703	10.4346	0.8707	0.3155
 1510	-0.0992	-0.6835	33.0306	10.3757	0.8716	0.3141
 1520	-0.1038	-0.6861	32.9900	10.3397	0.8743	0.3134
 1530	-0.1059	-0.6870	32.9355	10.3137	0.8779	0.3131
 1540	-0.1115	-0.6827	32.8827	10.3076	0.8831	0.3135
 1550	-0.1167	-0.6774	32.8362	10.3170	0.8896	0.3142
 1560	-0.1236	-0.6735	32.7885	10.3496	0.8982	0.3156
 1570	-0.1297	-0.6689	32.7505	10.4025	0.9086	0.3176
 1580	-0.1345	-0.6623	32.7301	10.4798	0.9211	0.3202
 1590	-0.1395	-0.6589	32.7013	10.5633	0.9344	0.3230
 1600	-0.1452	-0.6581	32.6890	10.6479	0.9478	0.3257
 1610	-0.1469	-0.6559	32.6906	10.7355	0.9615	0.3284
 1620	-0.1519	-0.6552	32.7056	10.8177	0.9749	0.3308
 1630	-0.1565	-0.6551	32.7351	10.8939	0.9879	0.3328
 1640	-0.1602	-0.6538	32.7669	10.9567	0.9996	0.3344
 1650	-0.1634	-0.6532	32.8023	11.0020	1.0099	0.3354
 1660	-0.1688	-0.6503	32.8309	11.0377	1.0193	0.3362
 1670	-0.1773	-0.6436	32.8700	11.0447	1.0261	0.3360
 1680	-0.1827	-0.6407	32.8936	11.0453	1.0323	0.3358
 1690	-0.1879	-0.6367	32.9065	11.0409	1.0380	0.3355
 1700	-0.1947	-0.6345	32.8997	11.0388	1.0440	0.3355
 1710	-0.1997	-0.6323	32.8659	11.0425	1.0505	0.3360
 1720	-0.2022	-0.6320	32.8099	11.0590	1.0582	0.3371
 1730	-0.2079	-0.6306	32.7212	11.0929	1.0676	0.3390
 1740	-0.2059	-0.6302	32.6053	11.1455	1.0789	0.3418
 1750	-0.2064	-0.6298	32.4756	11.2184	1.0922	0.3454
 1760	-0.2069	-0.6295	32.3375	11.3133	1.1077	0.3499
 1770	-0.2068	-0.6261	32.2067	11.4176	1.1243	0.3545
 1780	-0.2073	-0.6214	32.0901	11.5182	1.1406	0.3589
 1790	-0.2089	-0.6164	31.9934	11.6154	1.1567	0.3631
 1800	-0.2107	-0.6108	31.9201	11.6931	1.1709	0.3663
 1810	-0.2135	-0.6021	31.8884	11.7423	1.1824	0.3682
 1820	-0.2199	-0.5989	31.8927	11.7627	1.1910	0.3688
 1830	-0.2254	-0.5943	31.9242	11.7416	1.1954	0.3678
 1840	-0.2315	-0.5948	31.9726	11.6929	1.1969	0.3657
 1850	-0.2386	-0.5950	32.0384	11.6100	1.1949	0.3624
 1860	-0.2429	-0.5969	32.1062	11.5107	1.1911	0.3585
 1870	-0.2511	-0.6013	32.1644	11.4015	1.1861	0.3545
 1880	-0.2557	-0.6067	32.2219	11.3025	1.1821	0.3508
 1890	-0.2573	-0.6099	32.2399	11.2252	1.1803	0.3482
 1900	-0.2598	-0.6112	32.2333	11.1711	1.1808	0.3466
 1910	-0.2628	-0.6097	32.1986	11.1507	1.1848	0.3463
 1920	-0.2631	-0.6058	32.1315	11.1628	1.1923	0.3474
 1930	-0.2650	-0.6014	32.0450	11.2127	1.2039	0.3499
 1940	-0.2668	-0.5929	31.9419	11.2953	1.2190	0.3536
 1950	-0.2661	-0.5844	31.8218	11.4100	1.2378	0.3586
 1960	-0.2685	-0.5789	31.6999	11.5534	1.2598	0.3645
 1970	-0.2701	-0.5735	31.5856	11.7097	1.2833	0.3707
 1980	-0.2740	-0.5692	31.4687	11.8815	1.3088	0.3776
 1990	-0.2744	-0.5647	31.3766	12.0483	1.3338	0.3840
 2000	-0.2761	-0.5640	31.3117	12.2096	1.3585	0.3899
 2010	-0.2781	-0.5627	31.2792	12.3528	1.3813	0.3949
 2020	-0.2789	-0.5626	31.2803	12.4583	1.4000	0.3983
 2030	-0.2852	-0.5612	31.2935	12.5292	1.4149	0.4004
 2040	-0.2881	-0.5565	31.3304	12.5557	1.4249	0.4007
 2050	-0.2911	-0.5529	31.3956	12.5409	1.4302	0.3994
 2060	-0.2955	-0.5475	31.4771	12.4993	1.4324	0.3971
 2070	-0.2987	-0.5454	31.5518	12.4154	1.4297	0.3935
 2080	-0.3048	-0.5425	31.6287	12.3112	1.4246	0.3892
 2090	-0.3114	-0.5421	31.6815	12.1969	1.4181	0.3850
 2100	-0.3162	-0.5436	31.7182	12.0729	1.4104	0.3806
 2110	-0.3220	-0.5468	31.7252	11.9533	1.4031	0.3768
 2120	-0.3267	-0.5502	31.7104	11.8519	1.3978	0.3738
 2130	-0.3259	-0.5537	31.6751	11.7870	1.3967	0.3721
 2140	-0.3277	-0.5565	31.6068	11.7428	1.3980	0.3715
 2150	-0.3279	-0.5574	31.5362	11.7197	1.4018	0.3716
 2160	-0.3298	-0.5544	31.4565	11.7066	1.4067	0.3722
 2170	-0.3299	-0.5516	31.3845	11.7146	1.4142	0.3733
 2180	-0.3270	-0.5449	31.3448	11.7321	1.4228	0.3743
 2190	-0.3277	-0.5404	31.3136	11.7579	1.4325	0.3755
 2200	-0.3309	-0.5355	31.2952	11.7804	1.4418	0.3764
 2210	-0.3355	-0.5272	31.2967	11.8036	1.4512	0.3772
 2220	-0.3383	-0.5265	31.3092	11.8155	1.4592	0.3774
 2230	-0.3452	-0.5239	31.3431	11.8222	1.4666	0.3772
 2240	-0.3480	-0.5246	31.3688	11.8211	1.4731	0.3768
 2250	-0.3560	-0.5276	31.3797	11.8205	1.4796	0.3767
 2260	-0.3570	-0.5305	31.3726	11.8336	1.4878	0.3772
 2270	-0.3610	-0.5332	31.3283	11.8634	1.4981	0.3787
 2280	-0.3626	-0.5293	31.2483	11.9026	1.5097	0.3809
 2290	-0.3600	-0.5278	31.1418	11.9611	1.5238	0.3841
 2300	-0.3601	-0.5210	31.0148	12.0398	1.5405	0.3882
 2310	-0.3557	-0.5177	30.8802	12.1417	1.5603	0.3932
 2320	-0.3518	-0.5083	30.7310	12.2572	1.5820	0.3989
 2330	-0.3526	-0.5014	30.5701	12.3917	1.6062	0.4054
 2340	-0.3525	-0.4951	30.4345	12.5233	1.6303	0.4115
 2350	-0.3516	-0.4906	30.3145	12.6716	1.6566	0.4180
 2360	-0.3529	-0.4864	30.2231	12.8227	1.6835	0.4243
 2370	-0.3544	-0.4843	30.1477	12.9651	1.7094	0.4301
 2380	-0.3605	-0.4839	30.1104	13.1042	1.7350	0.4352
 2390	-0.3630	-0.4846	30.1037	13.2349	1.7597	0.4396
 2400	-0.3670	-0.4849	30.1476	13.3323	1.7801	0.4422
 2410	-0.3713	-0.4814	30.2169	13.4040	1.7971	0.4436
 2420	-0.3730	-0.4765	30.3274	13.4520	1.8110	0.4436
 2430	-0.3768	-0.4733	30.4686	13.4778	1.8220	0.4424
 2440	-0.3777	-0.4682	30.6244	13.4711	1.8286	0.4399
 2450	-0.3808	-0.4638	30.7972	13.4303	1.8305	0.4361
 2460	-0.3862	-0.4596	30.9507	13.3536	1.8275	0.4314
 2470	-0.3919	-0.4573	31.0911	13.2676	1.8231	0.4267
 2480	-0.3952	-0.4563	31.2078	13.1677	1.8167	0.4219
 2490	-0.4038	-0.4597	31.2836	13.0749	1.8112	0.4179
 2500	-0.4080	-0.4613	31.2960	13.0007	1.8081	0.4154
 2510	-0.4149	-0.4657	31.2622	12.9376	1.8065	0.4138
 2520	-0.4158	-0.4684	31.1747	12.8922	1.8074	0.4135
 2530	-0.4156	-0.4707	31.0457	12.8605	1.8101	0.4142
 2540	-0.4124	-0.4669	30.8692	12.8579	1.8169	0.4165
 2550	-0.4097	-0.4654	30.6712	12.8784	1.8269	0.4199
 2560	-0.4041	-0.4617	30.4594	12.9383	1.8426	0.4248
 2570	-0.3977	-0.4551	30.2479	13.0108	1.8602	0.4301
 2580	-0.3941	-0.4485	30.0484	13.0962	1.8797	0.4358
 2590	-0.3912	-0.4401	29.8623	13.1856	1.8999	0.4415
 2600	-0.3920	-0.4364	29.7137	13.2898	1.9223	0.4473
 2610	-0.3922	-0.4349	29.6016	13.3942	1.9448	0.4525
 2620	-0.3950	-0.4349	29.5175	13.4960	1.9671	0.4572
 2630	-0.3987	-0.4364	29.4548	13.5865	1.9878	0.4613
 2640	-0.4056	-0.4364	29.4278	13.6681	2.0074	0.4645
 2650	-0.4070	-0.4339	29.4242	13.7461	2.0265	0.4672
 2660	-0.4113	-0.4334	29.4467	13.8099	2.0436	0.4690
 2670	-0.4127	-0.4305	29.4809	13.8598	2.0587	0.4701
 2680	-0.4132	-0.4285	29.5336	13.8930	2.0713	0.4704
 2690	-0.4121	-0.4228	29.6035	13.9279	2.0843	0.4705
 2700	-0.4119	-0.4192	29.6864	13.9350	2.0931	0.4694
 2710	-0.4113	-0.4120	29.7666	13.9433	2.1021	0.4684
 2720	-0.4144	-0.4092	29.8554	13.9330	2.1083	0.4667
 2730	-0.4174	-0.4059	29.9355	13.9316	2.1158	0.4654
 2740	-0.4217	-0.4083	29.9985	13.9322	2.1237	0.4644
 2750	-0.4282	-0.4072	30.0338	13.9273	2.1307	0.4637
 2760	-0.4352	-0.4089	30.0418	13.9206	2.1374	0.4634
 2770	-0.4409	-0.4099	30.0368	13.9173	2.1446	0.4633
 2780	-0.4436	-0.4124	30.0182	13.9176	2.1524	0.4636
 2790	-0.4436	-0.4113	29.9940	13.9448	2.1644	0.4649
 2800	-0.4432	-0.4087	29.9535	13.9767	2.1771	0.4666
 2810	-0.4397	-0.4034	29.9238	14.0014	2.1887	0.4679
 2820	-0.4363	-0.3993	29.8926	14.0235	2.2000	0.4691
 2830	-0.4328	-0.3958	29.8619	14.0432	2.2109	0.4703
 2840	-0.4310	-0.3892	29.8250	14.0545	2.2205	0.4712
 2850	-0.4315	-0.3873	29.7920	14.0678	2.2304	0.4722
 2860	-0.4321	-0.3832	29.7504	14.0880	2.2415	0.4735
 2870	-0.4397	-0.3871	29.6887	14.0858	2.2490	0.4744
 2880	-0.4446	-0.3863	29.6075	14.0882	2.2572	0.4758
 2890	-0.4503	-0.3877	29.5133	14.0743	2.2628	0.4769
 2900	-0.4517	-0.3887	29.4150	14.0624	2.2687	0.4781
 2910	-0.4522	-0.3901	29.3049	14.0382	2.2726	0.4790
 2920	-0.4513	-0.3903	29.1882	14.0218	2.2778	0.4804
 2930	-0.4476	-0.3907	29.0611	13.9995	2.2819	0.4817
 2940	-0.4415	-0.3843	28.9278	14.0045	2.2905	0.4841
 2950	-0.4343	-0.3803	28.7835	14.0440	2.3048	0.4879
 2960	-0.4297	-0.3753	28.6174	14.1306	2.3269	0.4938
 2970	-0.4267	-0.3713	28.4425	14.2550	2.3553	0.5012
 2980	-0.4258	-0.3662	28.2513	14.4239	2.3912	0.5106
 2990	-0.4260	-0.3666	28.0558	14.6153	2.4311	0.5209
 3000	-0.4308	-0.3631	27.8426	14.8290	2.4749	0.5326
