; Name : DAK 12 Water 18.3 deg.C 2024-Oct-18 15:34:21
; Date : 2024-Oct-18 15:34:21
; Temperature(C) : 18.3
; Probe : DAK 12
; Network Analyzer : Hewlett Packard / Agilent Technologies 87XX
; Originally imported from : 
; Notes : 
;
; MHz  ReflR  ReflI  EpsR  EpsI  Sigma  TanD
;
   50	0.9879	-0.1621	80.8960	0.0081	0.0000	0.0001
   60	0.9809	-0.1924	80.9169	-0.0033	-0.0000	-0.0000
   70	0.9750	-0.2258	80.8967	0.0774	0.0003	0.0010
   80	0.9674	-0.2530	80.8745	0.2055	0.0009	0.0025
   90	0.9578	-0.2896	80.8393	0.2479	0.0012	0.0031
  100	0.9485	-0.3169	80.8353	0.2792	0.0016	0.0035
  110	0.9357	-0.3480	80.7931	0.2669	0.0016	0.0033
  120	0.9232	-0.3766	80.7731	0.2865	0.0019	0.0035
  130	0.9113	-0.4048	80.7410	0.3780	0.0027	0.0047
  140	0.8989	-0.4335	80.7369	0.4627	0.0036	0.0057
  150	0.8850	-0.4596	80.7566	0.5504	0.0046	0.0068
  160	0.8700	-0.4884	80.7737	0.6159	0.0055	0.0076
  170	0.8541	-0.5128	80.8632	0.6774	0.0064	0.0084
  180	0.8346	-0.5368	80.8518	0.6931	0.0069	0.0086
  190	0.8206	-0.5615	80.8761	0.7233	0.0076	0.0089
  200	0.8029	-0.5889	80.8456	0.7789	0.0087	0.0096
  210	0.7836	-0.6130	80.8149	0.8248	0.0096	0.0102
  220	0.7631	-0.6334	80.8089	0.8522	0.0104	0.0105
  230	0.7439	-0.6541	80.7619	0.8725	0.0112	0.0108
  240	0.7255	-0.6748	80.8051	0.9048	0.0121	0.0112
  250	0.7028	-0.6959	80.7705	0.9328	0.0130	0.0115
  260	0.6868	-0.7164	80.7924	0.9816	0.0142	0.0121
  270	0.6652	-0.7361	80.8191	1.0441	0.0157	0.0129
  280	0.6440	-0.7497	80.8209	1.1091	0.0173	0.0137
  290	0.6232	-0.7672	80.8247	1.1562	0.0187	0.0143
  300	0.6020	-0.7816	80.8270	1.1957	0.0200	0.0148
  310	0.5788	-0.7973	80.8390	1.2415	0.0214	0.0154
  320	0.5562	-0.8104	80.8224	1.2974	0.0231	0.0161
  330	0.5337	-0.8287	80.8009	1.3485	0.0248	0.0167
  340	0.5123	-0.8409	80.7686	1.3709	0.0259	0.0170
  350	0.4876	-0.8517	80.7709	1.3556	0.0264	0.0168
  360	0.4647	-0.8626	80.7682	1.3639	0.0273	0.0169
  370	0.4435	-0.8734	80.7772	1.3823	0.0285	0.0171
  380	0.4224	-0.8842	80.7870	1.4186	0.0300	0.0176
  390	0.4039	-0.8914	80.8123	1.4820	0.0322	0.0183
  400	0.3840	-0.9016	80.8481	1.5668	0.0349	0.0194
  410	0.3631	-0.9095	80.8651	1.6571	0.0378	0.0205
  420	0.3359	-0.9173	80.8825	1.7734	0.0414	0.0219
  430	0.3155	-0.9207	80.8601	1.9176	0.0459	0.0237
  440	0.2937	-0.9268	80.8224	2.0101	0.0492	0.0249
  450	0.2702	-0.9335	80.7796	2.0784	0.0520	0.0257
  460	0.2467	-0.9368	80.7445	2.1280	0.0545	0.0264
  470	0.2240	-0.9387	80.7378	2.1025	0.0550	0.0260
  480	0.2044	-0.9391	80.7946	2.0753	0.0554	0.0257
  490	0.1865	-0.9387	80.8853	2.0953	0.0571	0.0259
  500	0.1690	-0.9454	81.0426	2.2158	0.0616	0.0273
  510	0.1518	-0.9474	81.1694	2.4635	0.0699	0.0304
  520	0.1314	-0.9524	81.1830	2.8204	0.0816	0.0347
  530	0.1139	-0.9545	81.0414	3.1485	0.0928	0.0389
  540	0.0938	-0.9547	80.7971	3.3913	0.1019	0.0420
  550	0.0746	-0.9540	80.5029	3.5351	0.1082	0.0439
  560	0.0535	-0.9518	80.1785	3.5504	0.1106	0.0443
  570	0.0334	-0.9475	79.8821	3.4536	0.1095	0.0432
  580	0.0170	-0.9375	79.6106	3.2733	0.1056	0.0411
  590	0.0062	-0.9341	79.4176	3.0487	0.1001	0.0384
  600	-0.0034	-0.9308	79.3195	2.8038	0.0936	0.0353
  610	-0.0066	-0.9275	79.3318	2.6079	0.0885	0.0329
  620	-0.0115	-0.9408	79.4461	2.5433	0.0877	0.0320
  630	-0.0228	-0.9535	79.5451	2.5610	0.0898	0.0322
  640	-0.0408	-0.9705	79.5690	2.6690	0.0950	0.0335
  650	-0.0768	-0.9805	79.5173	2.7525	0.0995	0.0346
  660	-0.1117	-0.9724	79.4354	2.7682	0.1016	0.0348
  670	-0.1354	-0.9517	79.3946	2.7098	0.1010	0.0341
  680	-0.1465	-0.9388	79.3690	2.6070	0.0986	0.0328
  690	-0.1598	-0.9282	79.4011	2.4611	0.0945	0.0310
  700	-0.1698	-0.9156	79.4907	2.2881	0.0891	0.0288
  710	-0.1752	-0.9116	79.6395	2.1389	0.0845	0.0269
  720	-0.1811	-0.9120	79.8175	2.0306	0.0813	0.0254
  730	-0.1883	-0.9162	79.9920	1.9775	0.0803	0.0247
  740	-0.1952	-0.9227	80.1570	1.9448	0.0801	0.0243
  750	-0.2075	-0.9364	80.3226	1.9584	0.0817	0.0244
  760	-0.2351	-0.9542	80.4787	2.0101	0.0850	0.0250
  770	-0.2739	-0.9471	80.6478	2.0947	0.0897	0.0260
  780	-0.3004	-0.9263	80.8281	2.2273	0.0966	0.0276
  790	-0.3132	-0.9026	81.0178	2.3914	0.1051	0.0295
  800	-0.3183	-0.8865	81.2167	2.6101	0.1162	0.0321
  810	-0.3242	-0.8766	81.3651	2.8566	0.1287	0.0351
  820	-0.3343	-0.8648	81.4253	3.1125	0.1420	0.0382
  830	-0.3386	-0.8546	81.3953	3.3351	0.1540	0.0410
  840	-0.3436	-0.8482	81.3170	3.5117	0.1641	0.0432
  850	-0.3494	-0.8459	81.1836	3.6626	0.1732	0.0451
  860	-0.3548	-0.8436	80.9991	3.7322	0.1786	0.0461
  870	-0.3607	-0.8438	80.8097	3.7324	0.1806	0.0462
  880	-0.3667	-0.8459	80.6609	3.6587	0.1791	0.0454
  890	-0.3771	-0.8501	80.5749	3.5329	0.1749	0.0438
  900	-0.3926	-0.8518	80.6146	3.3816	0.1693	0.0419
  910	-0.4124	-0.8488	80.8038	3.2671	0.1654	0.0404
  920	-0.4298	-0.8359	81.0825	3.2679	0.1673	0.0403
  930	-0.4437	-0.8215	81.3395	3.3489	0.1733	0.0412
  940	-0.4527	-0.8060	81.5039	3.5546	0.1859	0.0436
  950	-0.4552	-0.7919	81.5812	3.8186	0.2018	0.0468
  960	-0.4591	-0.7837	81.5715	4.1027	0.2191	0.0503
  970	-0.4633	-0.7783	81.4892	4.4178	0.2384	0.0542
  980	-0.4666	-0.7723	81.3203	4.7269	0.2577	0.0581
  990	-0.4696	-0.7703	81.0952	4.9973	0.2752	0.0616
 1000	-0.4715	-0.7658	80.8264	5.2263	0.2907	0.0647
 1010	-0.4732	-0.7643	80.5317	5.4324	0.3052	0.0675
 1020	-0.4748	-0.7622	80.2001	5.5739	0.3163	0.0695
 1030	-0.4803	-0.7600	79.8970	5.6135	0.3217	0.0703
 1040	-0.4859	-0.7575	79.6412	5.5728	0.3224	0.0700
 1050	-0.4948	-0.7515	79.4609	5.4495	0.3183	0.0686
 1060	-0.5053	-0.7455	79.3567	5.2882	0.3118	0.0666
 1070	-0.5116	-0.7383	79.3181	5.1357	0.3057	0.0647
 1080	-0.5217	-0.7327	79.3082	5.0107	0.3011	0.0632
 1090	-0.5274	-0.7271	79.2914	4.9052	0.2974	0.0619
 1100	-0.5343	-0.7205	79.2682	4.8256	0.2953	0.0609
 1110	-0.5381	-0.7186	79.2297	4.7475	0.2932	0.0599
 1120	-0.5400	-0.7170	79.1808	4.6920	0.2923	0.0593
 1130	-0.5446	-0.7167	79.1435	4.6296	0.2910	0.0585
 1140	-0.5507	-0.7171	79.1048	4.5921	0.2912	0.0581
 1150	-0.5575	-0.7158	79.0565	4.5680	0.2922	0.0578
 1160	-0.5634	-0.7086	78.9922	4.5366	0.2928	0.0574
 1170	-0.5648	-0.7031	78.9312	4.5007	0.2929	0.0570
 1180	-0.5730	-0.6959	78.8713	4.4469	0.2919	0.0564
 1190	-0.5769	-0.6870	78.8051	4.3668	0.2891	0.0554
 1200	-0.5833	-0.6814	78.7869	4.2671	0.2849	0.0542
 1210	-0.5889	-0.6772	78.7983	4.1717	0.2808	0.0529
 1220	-0.5962	-0.6733	78.8209	4.0961	0.2780	0.0520
 1230	-0.6019	-0.6683	78.8741	4.0212	0.2752	0.0510
 1240	-0.6072	-0.6670	78.9488	3.9827	0.2747	0.0504
 1250	-0.6132	-0.6631	79.0316	3.9906	0.2775	0.0505
 1260	-0.6159	-0.6613	79.1090	3.9859	0.2794	0.0504
 1270	-0.6167	-0.6582	79.1889	3.9793	0.2811	0.0503
 1280	-0.6241	-0.6562	79.2700	3.9769	0.2832	0.0502
 1290	-0.6287	-0.6484	79.3405	3.9436	0.2830	0.0497
 1300	-0.6342	-0.6415	79.4249	3.8960	0.2818	0.0491
 1310	-0.6395	-0.6334	79.4808	3.8242	0.2787	0.0481
 1320	-0.6455	-0.6236	79.5191	3.7104	0.2725	0.0467
 1330	-0.6492	-0.6160	79.5954	3.5644	0.2637	0.0448
 1340	-0.6521	-0.6129	79.6827	3.4304	0.2557	0.0431
 1350	-0.6585	-0.6096	79.8236	3.3173	0.2491	0.0416
 1360	-0.6636	-0.6063	80.0221	3.2492	0.2458	0.0406
 1370	-0.6676	-0.6045	80.2775	3.2834	0.2502	0.0409
 1380	-0.6726	-0.6037	80.5852	3.4348	0.2637	0.0426
 1390	-0.6783	-0.5992	80.9195	3.6806	0.2846	0.0455
 1400	-0.6789	-0.5923	81.2439	4.0158	0.3128	0.0494
 1410	-0.6838	-0.5849	81.5088	4.4273	0.3473	0.0543
 1420	-0.6879	-0.5749	81.7180	4.8802	0.3855	0.0597
 1430	-0.6875	-0.5612	81.8918	5.3223	0.4234	0.0650
 1440	-0.6874	-0.5497	81.9922	5.7638	0.4617	0.0703
 1450	-0.6882	-0.5355	82.0120	6.1788	0.4984	0.0753
 1460	-0.6864	-0.5281	81.9212	6.5531	0.5323	0.0800
 1470	-0.6859	-0.5235	81.7362	6.8562	0.5607	0.0839
 1480	-0.6858	-0.5221	81.4558	7.0979	0.5844	0.0871
 1490	-0.6848	-0.5244	81.0955	7.2661	0.6023	0.0896
 1500	-0.6849	-0.5266	80.7208	7.3380	0.6123	0.0909
 1510	-0.6874	-0.5309	80.3264	7.3726	0.6193	0.0918
 1520	-0.6872	-0.5332	79.9424	7.3597	0.6223	0.0921
 1530	-0.6886	-0.5320	79.5998	7.2944	0.6209	0.0916
 1540	-0.6916	-0.5277	79.3116	7.2083	0.6176	0.0909
 1550	-0.6938	-0.5236	79.0766	7.0911	0.6115	0.0897
 1560	-0.6944	-0.5175	78.9396	6.9544	0.6035	0.0881
 1570	-0.6951	-0.5113	78.8811	6.8288	0.5964	0.0866
 1580	-0.6982	-0.5043	78.8637	6.7594	0.5941	0.0857
 1590	-0.7018	-0.4994	78.8838	6.7103	0.5936	0.0851
 1600	-0.7053	-0.4932	78.9196	6.6876	0.5953	0.0847
 1610	-0.7066	-0.4915	78.9135	6.6839	0.5987	0.0847
 1620	-0.7100	-0.4924	78.8753	6.6884	0.6028	0.0848
 1630	-0.7125	-0.4921	78.8158	6.7030	0.6078	0.0850
 1640	-0.7129	-0.4923	78.7207	6.7038	0.6116	0.0852
 1650	-0.7174	-0.4935	78.6247	6.6829	0.6134	0.0850
 1660	-0.7178	-0.4917	78.5168	6.6074	0.6102	0.0842
 1670	-0.7185	-0.4874	78.4145	6.5123	0.6050	0.0830
 1680	-0.7197	-0.4819	78.3606	6.3761	0.5959	0.0814
 1690	-0.7193	-0.4759	78.3353	6.2033	0.5832	0.0792
 1700	-0.7215	-0.4723	78.3195	6.0064	0.5680	0.0767
 1710	-0.7241	-0.4663	78.3500	5.8015	0.5519	0.0740
 1720	-0.7291	-0.4621	78.3896	5.6233	0.5381	0.0717
 1730	-0.7319	-0.4592	78.4704	5.4816	0.5276	0.0699
 1740	-0.7368	-0.4570	78.5684	5.3991	0.5226	0.0687
 1750	-0.7420	-0.4572	78.6731	5.3775	0.5235	0.0684
 1760	-0.7456	-0.4565	78.7559	5.4180	0.5305	0.0688
 1770	-0.7476	-0.4567	78.8218	5.4854	0.5401	0.0696
 1780	-0.7486	-0.4529	78.8693	5.5945	0.5540	0.0709
 1790	-0.7483	-0.4489	78.9048	5.7052	0.5681	0.0723
 1800	-0.7471	-0.4422	78.9525	5.7768	0.5785	0.0732
 1810	-0.7460	-0.4366	78.9961	5.8627	0.5903	0.0742
 1820	-0.7442	-0.4301	79.0585	5.9115	0.5985	0.0748
 1830	-0.7447	-0.4230	79.1436	5.9508	0.6058	0.0752
 1840	-0.7455	-0.4181	79.2171	5.9659	0.6107	0.0753
 1850	-0.7471	-0.4155	79.2725	5.9157	0.6088	0.0746
 1860	-0.7535	-0.4127	79.3353	5.8647	0.6069	0.0739
 1870	-0.7566	-0.4132	79.4245	5.8204	0.6055	0.0733
 1880	-0.7611	-0.4129	79.4485	5.8131	0.6080	0.0732
 1890	-0.7643	-0.4116	79.4729	5.7998	0.6098	0.0730
 1900	-0.7675	-0.4106	79.4791	5.8185	0.6150	0.0732
 1910	-0.7680	-0.4066	79.4749	5.8533	0.6220	0.0737
 1920	-0.7674	-0.4034	79.4324	5.9006	0.6303	0.0743
 1930	-0.7644	-0.3989	79.4337	5.9581	0.6397	0.0750
 1940	-0.7618	-0.3936	79.4355	6.0363	0.6515	0.0760
 1950	-0.7613	-0.3888	79.4610	6.1030	0.6621	0.0768
 1960	-0.7591	-0.3839	79.4688	6.2085	0.6770	0.0781
 1970	-0.7605	-0.3806	79.5023	6.3016	0.6906	0.0793
 1980	-0.7619	-0.3749	79.5536	6.4096	0.7060	0.0806
 1990	-0.7639	-0.3716	79.6155	6.5406	0.7241	0.0822
 2000	-0.7683	-0.3728	79.6798	6.6535	0.7403	0.0835
 2010	-0.7718	-0.3729	79.7525	6.7614	0.7561	0.0848
 2020	-0.7766	-0.3682	79.7922	6.8794	0.7731	0.0862
 2030	-0.7751	-0.3681	79.8458	6.9677	0.7869	0.0873
 2040	-0.7764	-0.3654	79.8804	7.0464	0.7997	0.0882
 2050	-0.7739	-0.3601	79.9186	7.0802	0.8075	0.0886
 2060	-0.7724	-0.3546	79.9782	7.0984	0.8135	0.0888
 2070	-0.7686	-0.3521	80.0181	7.0761	0.8149	0.0884
 2080	-0.7691	-0.3464	80.0317	7.0805	0.8193	0.0885
 2090	-0.7680	-0.3421	80.0376	7.0501	0.8197	0.0881
 2100	-0.7719	-0.3396	80.0397	7.0459	0.8231	0.0880
 2110	-0.7710	-0.3379	80.0088	7.0860	0.8318	0.0886
 2120	-0.7763	-0.3380	80.0060	7.1541	0.8437	0.0894
 2130	-0.7794	-0.3379	80.0053	7.2828	0.8630	0.0910
 2140	-0.7813	-0.3355	79.9518	7.4353	0.8852	0.0930
 2150	-0.7839	-0.3343	79.8997	7.5754	0.9061	0.0948
 2160	-0.7834	-0.3319	79.8582	7.6914	0.9242	0.0963
 2170	-0.7807	-0.3285	79.8415	7.8533	0.9481	0.0984
 2180	-0.7787	-0.3244	79.7785	8.0140	0.9719	0.1005
 2190	-0.7734	-0.3209	79.7547	8.1162	0.9888	0.1018
 2200	-0.7707	-0.3171	79.7699	8.2287	1.0071	0.1032
 2210	-0.7700	-0.3116	79.7358	8.2846	1.0186	0.1039
 2220	-0.7717	-0.3089	79.6990	8.3245	1.0281	0.1044
 2230	-0.7710	-0.3060	79.6986	8.3681	1.0381	0.1050
 2240	-0.7758	-0.3063	79.6776	8.3691	1.0429	0.1050
 2250	-0.7794	-0.3050	79.6493	8.3590	1.0463	0.1049
 2260	-0.7818	-0.3063	79.5838	8.3613	1.0512	0.1051
 2270	-0.7857	-0.3042	79.5373	8.3683	1.0568	0.1052
 2280	-0.7871	-0.3020	79.4789	8.3902	1.0642	0.1056
 2290	-0.7845	-0.3017	79.4669	8.4124	1.0717	0.1059
 2300	-0.7827	-0.2979	79.4500	8.4211	1.0775	0.1060
 2310	-0.7830	-0.2965	79.4552	8.4442	1.0852	0.1063
 2320	-0.7782	-0.2915	79.4408	8.4750	1.0938	0.1067
 2330	-0.7744	-0.2878	79.4381	8.4895	1.1004	0.1069
 2340	-0.7748	-0.2856	79.3840	8.5050	1.1072	0.1071
 2350	-0.7762	-0.2794	79.3765	8.4975	1.1109	0.1071
 2360	-0.7778	-0.2811	79.3434	8.5078	1.1170	0.1072
 2370	-0.7812	-0.2795	79.2956	8.5238	1.1238	0.1075
 2380	-0.7827	-0.2770	79.2266	8.5932	1.1378	0.1085
 2390	-0.7877	-0.2775	79.1523	8.6162	1.1456	0.1089
 2400	-0.7893	-0.2764	79.0895	8.6616	1.1565	0.1095
 2410	-0.7908	-0.2769	79.0437	8.6836	1.1642	0.1099
 2420	-0.7879	-0.2741	79.0459	8.7067	1.1722	0.1101
 2430	-0.7846	-0.2734	79.0691	8.7102	1.1775	0.1102
 2440	-0.7827	-0.2692	79.0666	8.6696	1.1768	0.1096
 2450	-0.7797	-0.2666	79.1123	8.5902	1.1708	0.1086
 2460	-0.7790	-0.2614	79.1451	8.4707	1.1592	0.1070
 2470	-0.7779	-0.2589	79.1794	8.3794	1.1514	0.1058
 2480	-0.7803	-0.2552	79.1917	8.2808	1.1425	0.1046
 2490	-0.7827	-0.2557	79.2281	8.1841	1.1337	0.1033
 2500	-0.7893	-0.2526	79.2342	8.1286	1.1305	0.1026
 2510	-0.7922	-0.2534	79.2005	8.0807	1.1284	0.1020
 2520	-0.7956	-0.2525	79.1634	8.1022	1.1359	0.1023
 2530	-0.7949	-0.2512	79.1387	8.1633	1.1490	0.1032
 2540	-0.7946	-0.2513	79.1226	8.1913	1.1575	0.1035
 2550	-0.7916	-0.2500	79.1343	8.2842	1.1752	0.1047
 2560	-0.7890	-0.2476	79.1838	8.3645	1.1912	0.1056
 2570	-0.7838	-0.2441	79.2243	8.4946	1.2145	0.1072
 2580	-0.7809	-0.2388	79.2816	8.5485	1.2270	0.1078
 2590	-0.7792	-0.2365	79.3750	8.5958	1.2385	0.1083
 2600	-0.7794	-0.2324	79.4641	8.6266	1.2478	0.1086
 2610	-0.7809	-0.2299	79.5668	8.6750	1.2596	0.1090
 2620	-0.7845	-0.2277	79.6179	8.7077	1.2692	0.1094
 2630	-0.7878	-0.2268	79.6829	8.7172	1.2754	0.1094
 2640	-0.7918	-0.2238	79.6836	8.7404	1.2837	0.1097
 2650	-0.7936	-0.2246	79.6825	8.7410	1.2886	0.1097
 2660	-0.7959	-0.2229	79.6287	8.7617	1.2965	0.1100
 2670	-0.7933	-0.2237	79.5753	8.7880	1.3053	0.1104
 2680	-0.7905	-0.2227	79.5159	8.8726	1.3228	0.1116
 2690	-0.7883	-0.2226	79.4387	8.9448	1.3386	0.1126
 2700	-0.7831	-0.2194	79.3939	9.0276	1.3560	0.1137
 2710	-0.7817	-0.2149	79.3800	9.1042	1.3726	0.1147
 2720	-0.7771	-0.2122	79.3807	9.2221	1.3955	0.1162
 2730	-0.7796	-0.2104	79.3947	9.3394	1.4184	0.1176
 2740	-0.7811	-0.2081	79.3674	9.4555	1.4413	0.1191
 2750	-0.7850	-0.2064	79.3581	9.5417	1.4597	0.1202
 2760	-0.7868	-0.2039	79.2955	9.6337	1.4792	0.1215
 2770	-0.7889	-0.2039	79.2535	9.7255	1.4987	0.1227
 2780	-0.7914	-0.2018	79.1914	9.8085	1.5169	0.1239
 2790	-0.7894	-0.2011	79.1395	9.9405	1.5429	0.1256
 2800	-0.7878	-0.2016	79.0522	10.0315	1.5626	0.1269
 2810	-0.7848	-0.2006	79.0036	10.0621	1.5730	0.1274
 2820	-0.7819	-0.2002	78.9277	10.1318	1.5895	0.1284
 2830	-0.7772	-0.1972	78.8880	10.1811	1.6029	0.1291
 2840	-0.7739	-0.1959	78.8831	10.1993	1.6114	0.1293
 2850	-0.7734	-0.1934	78.9114	10.1995	1.6171	0.1293
 2860	-0.7753	-0.1911	78.9531	10.1734	1.6186	0.1289
 2870	-0.7773	-0.1881	78.9530	10.2002	1.6286	0.1292
 2880	-0.7802	-0.1856	78.9436	10.2035	1.6348	0.1293
 2890	-0.7821	-0.1841	78.9081	10.2304	1.6448	0.1297
 2900	-0.7866	-0.1828	78.8763	10.1791	1.6422	0.1291
 2910	-0.7871	-0.1839	78.8267	10.1366	1.6410	0.1286
 2920	-0.7873	-0.1823	78.7698	10.1100	1.6423	0.1283
 2930	-0.7867	-0.1827	78.7368	10.0513	1.6384	0.1277
 2940	-0.7805	-0.1810	78.7008	10.0411	1.6423	0.1276
 2950	-0.7768	-0.1805	78.6391	10.0762	1.6536	0.1281
 2960	-0.7763	-0.1797	78.6202	10.1921	1.6783	0.1296
 2970	-0.7724	-0.1773	78.5979	10.4465	1.7260	0.1329
 2980	-0.7708	-0.1749	78.5991	10.8344	1.7961	0.1378
 2990	-0.7715	-0.1716	78.5985	11.2889	1.8778	0.1436
 3000	-0.7753	-0.1696	78.6197	11.7586	1.9624	0.1496
