; Name : DAK 12 Water 24.2 deg.C 2024-Nov-08 12:46:40
; Date : 2024-Nov-08 12:46:40
; Temperature(C) : 24.2
; Probe : DAK 12
; Network Analyzer : Hewlett Packard / Agilent Technologies 87XX
; Originally imported from : 
; Notes : 
;
; MHz  ReflR  ReflI  EpsR  EpsI  Sigma  TanD
;
   50	1.0001	-0.0866	42.4814	0.0062	0.0000	0.0001
   60	0.9992	-0.0988	42.1002	-0.1789	-0.0006	-0.0042
   70	0.9975	-0.1164	41.7197	-0.1450	-0.0006	-0.0035
   80	0.9921	-0.1312	41.3939	-0.0316	-0.0001	-0.0008
   90	0.9930	-0.1497	41.1692	0.0757	0.0004	0.0018
  100	0.9893	-0.1676	40.9961	0.2609	0.0015	0.0064
  110	0.9830	-0.1825	40.9100	0.4141	0.0025	0.0101
  120	0.9773	-0.1970	40.9069	0.6406	0.0043	0.0157
  130	0.9708	-0.2122	40.9497	0.9700	0.0070	0.0237
  140	0.9659	-0.2296	41.0387	1.2971	0.0101	0.0316
  150	0.9629	-0.2486	41.1608	1.5916	0.0133	0.0387
  160	0.9526	-0.2621	41.3191	1.8606	0.0166	0.0450
  170	0.9446	-0.2798	41.4494	2.0927	0.0198	0.0505
  180	0.9370	-0.2944	41.4981	2.3537	0.0236	0.0567
  190	0.9291	-0.3055	41.4788	2.5877	0.0274	0.0624
  200	0.9251	-0.3192	41.2819	2.7937	0.0311	0.0677
  210	0.9175	-0.3360	41.0606	2.9981	0.0350	0.0730
  220	0.9093	-0.3469	40.9060	3.1592	0.0387	0.0772
  230	0.9006	-0.3554	40.7315	3.3038	0.0423	0.0811
  240	0.8948	-0.3705	40.5784	3.4333	0.0458	0.0846
  250	0.8874	-0.3813	40.4285	3.5759	0.0497	0.0885
  260	0.8817	-0.3904	40.2522	3.7477	0.0542	0.0931
  270	0.8744	-0.4052	40.0836	3.9155	0.0588	0.0977
  280	0.8622	-0.4163	39.9489	4.0903	0.0637	0.1024
  290	0.8511	-0.4291	39.8643	4.2519	0.0686	0.1067
  300	0.8414	-0.4391	39.8219	4.4079	0.0736	0.1107
  310	0.8322	-0.4504	39.7626	4.5784	0.0790	0.1151
  320	0.8258	-0.4620	39.7277	4.7645	0.0848	0.1199
  330	0.8127	-0.4707	39.6696	4.9575	0.0910	0.1250
  340	0.8019	-0.4818	39.6038	5.1354	0.0971	0.1297
  350	0.7922	-0.4919	39.5519	5.2878	0.1030	0.1337
  360	0.7797	-0.4990	39.5046	5.4365	0.1089	0.1376
  370	0.7726	-0.5069	39.4339	5.5915	0.1151	0.1418
  380	0.7622	-0.5175	39.3294	5.7413	0.1214	0.1460
  390	0.7557	-0.5251	39.2419	5.8673	0.1273	0.1495
  400	0.7438	-0.5360	39.1343	5.9895	0.1333	0.1530
  410	0.7307	-0.5423	39.0292	6.1057	0.1393	0.1564
  420	0.7223	-0.5498	38.9526	6.2359	0.1457	0.1601
  430	0.7115	-0.5547	38.8785	6.3956	0.1530	0.1645
  440	0.7004	-0.5617	38.8032	6.5511	0.1604	0.1688
  450	0.6872	-0.5733	38.7336	6.7198	0.1682	0.1735
  460	0.6809	-0.5807	38.6678	6.8751	0.1759	0.1778
  470	0.6683	-0.5849	38.6042	7.0327	0.1839	0.1822
  480	0.6564	-0.5883	38.5521	7.2091	0.1925	0.1870
  490	0.6450	-0.5944	38.4989	7.3702	0.2009	0.1914
  500	0.6341	-0.5999	38.4371	7.5272	0.2094	0.1958
  510	0.6249	-0.6051	38.3630	7.6698	0.2176	0.1999
  520	0.6100	-0.6137	38.2723	7.7764	0.2250	0.2032
  530	0.6017	-0.6145	38.1837	7.8547	0.2316	0.2057
  540	0.5911	-0.6195	38.0722	7.9160	0.2378	0.2079
  550	0.5824	-0.6250	37.9550	7.9807	0.2442	0.2103
  560	0.5740	-0.6316	37.8120	8.0347	0.2503	0.2125
  570	0.5654	-0.6361	37.6534	8.0698	0.2559	0.2143
  580	0.5559	-0.6398	37.4885	8.1003	0.2614	0.2161
  590	0.5509	-0.6428	37.3433	8.1200	0.2665	0.2174
  600	0.5393	-0.6463	37.2171	8.1450	0.2719	0.2189
  610	0.5336	-0.6507	37.0805	8.1834	0.2777	0.2207
  620	0.5259	-0.6536	36.9635	8.2529	0.2847	0.2233
  630	0.5160	-0.6568	36.8582	8.3287	0.2919	0.2260
  640	0.5075	-0.6593	36.7720	8.4250	0.3000	0.2291
  650	0.4959	-0.6608	36.7034	8.5304	0.3085	0.2324
  660	0.4845	-0.6634	36.6532	8.6476	0.3175	0.2359
  670	0.4740	-0.6655	36.6133	8.7814	0.3273	0.2398
  680	0.4631	-0.6709	36.5494	8.9240	0.3376	0.2442
  690	0.4515	-0.6745	36.4936	9.0602	0.3478	0.2483
  700	0.4401	-0.6741	36.4241	9.1867	0.3577	0.2522
  710	0.4301	-0.6755	36.3452	9.2963	0.3672	0.2558
  720	0.4208	-0.6760	36.2447	9.3984	0.3765	0.2593
  730	0.4148	-0.6757	36.1311	9.4961	0.3856	0.2628
  740	0.4080	-0.6782	35.9955	9.5664	0.3938	0.2658
  750	0.4004	-0.6789	35.8502	9.6320	0.4019	0.2687
  760	0.3932	-0.6787	35.6851	9.6754	0.4091	0.2711
  770	0.3850	-0.6792	35.5184	9.7061	0.4158	0.2733
  780	0.3804	-0.6815	35.3516	9.7371	0.4225	0.2754
  790	0.3736	-0.6800	35.1836	9.7666	0.4292	0.2776
  800	0.3671	-0.6823	35.0258	9.7999	0.4361	0.2798
  810	0.3584	-0.6855	34.8839	9.8246	0.4427	0.2816
  820	0.3515	-0.6865	34.7544	9.8453	0.4491	0.2833
  830	0.3435	-0.6866	34.6496	9.8626	0.4554	0.2846
  840	0.3355	-0.6878	34.5574	9.8929	0.4623	0.2863
  850	0.3287	-0.6874	34.4743	9.9279	0.4695	0.2880
  860	0.3217	-0.6899	34.4100	9.9614	0.4766	0.2895
  870	0.3158	-0.6904	34.3469	9.9965	0.4838	0.2910
  880	0.3057	-0.6900	34.2897	10.0160	0.4903	0.2921
  890	0.2987	-0.6931	34.2387	10.0306	0.4966	0.2930
  900	0.2917	-0.6922	34.1816	10.0365	0.5025	0.2936
  910	0.2845	-0.6929	34.1223	10.0457	0.5086	0.2944
  920	0.2771	-0.6968	34.0479	10.0413	0.5139	0.2949
  930	0.2692	-0.6978	33.9543	10.0301	0.5189	0.2954
  940	0.2619	-0.6984	33.8558	10.0290	0.5245	0.2962
  950	0.2551	-0.6978	33.7624	10.0231	0.5297	0.2969
  960	0.2484	-0.6993	33.6605	10.0325	0.5358	0.2980
  970	0.2438	-0.6994	33.5561	10.0627	0.5430	0.2999
  980	0.2385	-0.7003	33.4524	10.1264	0.5521	0.3027
  990	0.2334	-0.6980	33.3480	10.2088	0.5623	0.3061
 1000	0.2291	-0.6969	33.2460	10.3084	0.5735	0.3101
 1010	0.2207	-0.6955	33.1544	10.4122	0.5850	0.3141
 1020	0.2144	-0.6907	33.0720	10.5314	0.5976	0.3184
 1030	0.2060	-0.6906	33.0011	10.6400	0.6097	0.3224
 1040	0.1972	-0.6875	32.9387	10.7365	0.6212	0.3260
 1050	0.1906	-0.6871	32.8650	10.8218	0.6321	0.3293
 1060	0.1787	-0.6843	32.7913	10.8792	0.6415	0.3318
 1070	0.1730	-0.6840	32.7232	10.8903	0.6482	0.3328
 1080	0.1684	-0.6829	32.6503	10.8829	0.6539	0.3333
 1090	0.1626	-0.6825	32.5706	10.8501	0.6579	0.3331
 1100	0.1569	-0.6867	32.4870	10.7917	0.6604	0.3322
 1110	0.1560	-0.6885	32.4013	10.7174	0.6618	0.3308
 1120	0.1521	-0.6929	32.3075	10.6363	0.6627	0.3292
 1130	0.1477	-0.6928	32.2141	10.5557	0.6636	0.3277
 1140	0.1454	-0.6935	32.1145	10.4865	0.6650	0.3265
 1150	0.1418	-0.6935	32.0193	10.4350	0.6676	0.3259
 1160	0.1380	-0.6948	31.9334	10.4088	0.6717	0.3260
 1170	0.1305	-0.6921	31.8407	10.4104	0.6776	0.3270
 1180	0.1255	-0.6938	31.7607	10.4323	0.6848	0.3285
 1190	0.1143	-0.6924	31.6861	10.4813	0.6939	0.3308
 1200	0.1084	-0.6877	31.6255	10.5487	0.7042	0.3336
 1210	0.1022	-0.6826	31.5773	10.6420	0.7164	0.3370
 1220	0.0964	-0.6841	31.5321	10.7349	0.7286	0.3404
 1230	0.0901	-0.6810	31.4901	10.8275	0.7409	0.3438
 1240	0.0853	-0.6784	31.4692	10.9172	0.7531	0.3469
 1250	0.0805	-0.6782	31.4612	10.9841	0.7638	0.3491
 1260	0.0747	-0.6764	31.4520	11.0306	0.7732	0.3507
 1270	0.0691	-0.6752	31.4567	11.0590	0.7813	0.3516
 1280	0.0622	-0.6751	31.4618	11.0690	0.7882	0.3518
 1290	0.0565	-0.6755	31.4549	11.0510	0.7931	0.3513
 1300	0.0486	-0.6755	31.4422	11.0007	0.7956	0.3499
 1310	0.0402	-0.6766	31.4202	10.9335	0.7968	0.3480
 1320	0.0353	-0.6765	31.3939	10.8526	0.7969	0.3457
 1330	0.0300	-0.6776	31.3594	10.7663	0.7966	0.3433
 1340	0.0263	-0.6788	31.3181	10.6999	0.7976	0.3417
 1350	0.0212	-0.6808	31.2523	10.6522	0.8000	0.3408
 1360	0.0184	-0.6802	31.1703	10.6257	0.8039	0.3409
 1370	0.0151	-0.6812	31.0915	10.6143	0.8090	0.3414
 1380	0.0160	-0.6810	30.9969	10.6334	0.8163	0.3430
 1390	0.0120	-0.6782	30.9067	10.6746	0.8254	0.3454
 1400	0.0087	-0.6763	30.8164	10.7298	0.8357	0.3482
 1410	0.0056	-0.6740	30.7307	10.7879	0.8462	0.3510
 1420	-0.0004	-0.6693	30.6547	10.8409	0.8564	0.3536
 1430	-0.0088	-0.6652	30.5817	10.8850	0.8659	0.3559
 1440	-0.0144	-0.6598	30.5162	10.9032	0.8734	0.3573
 1450	-0.0196	-0.6591	30.4641	10.9016	0.8794	0.3578
 1460	-0.0240	-0.6561	30.4152	10.8833	0.8840	0.3578
 1470	-0.0277	-0.6588	30.3647	10.8555	0.8877	0.3575
 1480	-0.0319	-0.6607	30.3249	10.8082	0.8899	0.3564
 1490	-0.0356	-0.6629	30.2859	10.7509	0.8912	0.3550
 1500	-0.0384	-0.6654	30.2455	10.6926	0.8923	0.3535
 1510	-0.0382	-0.6662	30.1968	10.6441	0.8941	0.3525
 1520	-0.0435	-0.6683	30.1526	10.6041	0.8967	0.3517
 1530	-0.0433	-0.6681	30.0964	10.5754	0.9001	0.3514
 1540	-0.0502	-0.6658	30.0424	10.5637	0.9050	0.3516
 1550	-0.0547	-0.6610	29.9846	10.5638	0.9109	0.3523
 1560	-0.0600	-0.6581	29.9369	10.5854	0.9187	0.3536
 1570	-0.0677	-0.6544	29.8903	10.6279	0.9283	0.3556
 1580	-0.0718	-0.6480	29.8561	10.6887	0.9395	0.3580
 1590	-0.0763	-0.6469	29.8186	10.7627	0.9520	0.3609
 1600	-0.0813	-0.6464	29.7923	10.8380	0.9647	0.3638
 1610	-0.0840	-0.6447	29.7763	10.9140	0.9775	0.3665
 1620	-0.0873	-0.6409	29.7729	10.9824	0.9898	0.3689
 1630	-0.0925	-0.6413	29.7853	11.0480	1.0018	0.3709
 1640	-0.0969	-0.6411	29.8067	11.1054	1.0132	0.3726
 1650	-0.1003	-0.6401	29.8244	11.1514	1.0236	0.3739
 1660	-0.1040	-0.6369	29.8428	11.1845	1.0329	0.3748
 1670	-0.1127	-0.6334	29.8658	11.1969	1.0402	0.3749
 1680	-0.1185	-0.6300	29.8716	11.2018	1.0469	0.3750
 1690	-0.1238	-0.6273	29.8734	11.1964	1.0526	0.3748
 1700	-0.1277	-0.6255	29.8592	11.1951	1.0588	0.3749
 1710	-0.1356	-0.6237	29.8214	11.1949	1.0650	0.3754
 1720	-0.1369	-0.6232	29.7612	11.2053	1.0722	0.3765
 1730	-0.1413	-0.6225	29.6752	11.2268	1.0805	0.3783
 1740	-0.1411	-0.6212	29.5684	11.2586	1.0898	0.3808
 1750	-0.1416	-0.6201	29.4479	11.3146	1.1015	0.3842
 1760	-0.1416	-0.6200	29.3210	11.3901	1.1152	0.3885
 1770	-0.1406	-0.6173	29.1921	11.4778	1.1302	0.3932
 1780	-0.1425	-0.6140	29.0874	11.5599	1.1447	0.3974
 1790	-0.1453	-0.6092	28.9950	11.6459	1.1597	0.4017
 1800	-0.1463	-0.6026	28.9212	11.7142	1.1730	0.4050
 1810	-0.1512	-0.5960	28.8817	11.7641	1.1846	0.4073
 1820	-0.1564	-0.5927	28.8820	11.7864	1.1934	0.4081
 1830	-0.1617	-0.5882	28.9032	11.7789	1.1992	0.4075
 1840	-0.1665	-0.5894	28.9387	11.7514	1.2029	0.4061
 1850	-0.1750	-0.5893	28.9862	11.6976	1.2039	0.4036
 1860	-0.1794	-0.5911	29.0463	11.6256	1.2030	0.4002
 1870	-0.1838	-0.5944	29.0935	11.5399	1.2005	0.3966
 1880	-0.1892	-0.5996	29.1376	11.4630	1.1989	0.3934
 1890	-0.1913	-0.6029	29.1539	11.4040	1.1991	0.3912
 1900	-0.1937	-0.6030	29.1407	11.3568	1.2004	0.3897
 1910	-0.1972	-0.6023	29.1007	11.3282	1.2037	0.3893
 1920	-0.1962	-0.5995	29.0368	11.3294	1.2101	0.3902
 1930	-0.2004	-0.5963	28.9609	11.3597	1.2197	0.3922
 1940	-0.2017	-0.5870	28.8665	11.4211	1.2326	0.3957
 1950	-0.2013	-0.5811	28.7547	11.5093	1.2485	0.4003
 1960	-0.2035	-0.5751	28.6426	11.6299	1.2681	0.4060
 1970	-0.2067	-0.5711	28.5322	11.7597	1.2888	0.4122
 1980	-0.2098	-0.5683	28.4202	11.9026	1.3111	0.4188
 1990	-0.2108	-0.5626	28.3282	12.0428	1.3332	0.4251
 2000	-0.2118	-0.5602	28.2633	12.1863	1.3559	0.4312
 2010	-0.2141	-0.5593	28.2191	12.3164	1.3772	0.4365
 2020	-0.2159	-0.5598	28.1959	12.4190	1.3956	0.4405
 2030	-0.2210	-0.5576	28.1991	12.4934	1.4109	0.4430
 2040	-0.2256	-0.5523	28.2180	12.5265	1.4216	0.4439
 2050	-0.2272	-0.5491	28.2597	12.5274	1.4287	0.4433
 2060	-0.2304	-0.5458	28.3155	12.5052	1.4331	0.4416
 2070	-0.2345	-0.5426	28.3638	12.4438	1.4330	0.4387
 2080	-0.2408	-0.5411	28.4207	12.3674	1.4311	0.4352
 2090	-0.2462	-0.5411	28.4541	12.2786	1.4276	0.4315
 2100	-0.2507	-0.5440	28.4732	12.1693	1.4217	0.4274
 2110	-0.2553	-0.5439	28.4788	12.0696	1.4167	0.4238
 2120	-0.2598	-0.5484	28.4637	11.9813	1.4130	0.4209
 2130	-0.2589	-0.5517	28.4247	11.9192	1.4124	0.4193
 2140	-0.2602	-0.5548	28.3615	11.8742	1.4136	0.4187
 2150	-0.2612	-0.5551	28.2954	11.8538	1.4178	0.4189
 2160	-0.2632	-0.5525	28.2238	11.8395	1.4227	0.4195
 2170	-0.2618	-0.5494	28.1581	11.8465	1.4301	0.4207
 2180	-0.2623	-0.5423	28.1157	11.8656	1.4390	0.4220
 2190	-0.2624	-0.5396	28.0780	11.8956	1.4493	0.4237
 2200	-0.2657	-0.5357	28.0460	11.9195	1.4588	0.4250
 2210	-0.2705	-0.5274	28.0328	11.9413	1.4681	0.4260
 2220	-0.2727	-0.5271	28.0373	11.9567	1.4767	0.4265
 2230	-0.2790	-0.5236	28.0559	11.9633	1.4841	0.4264
 2240	-0.2818	-0.5243	28.0639	11.9633	1.4908	0.4263
 2250	-0.2868	-0.5291	28.0616	11.9642	1.4976	0.4264
 2260	-0.2909	-0.5303	28.0452	11.9793	1.5061	0.4271
 2270	-0.2933	-0.5317	28.0059	11.9882	1.5139	0.4281
 2280	-0.2942	-0.5292	27.9282	12.0089	1.5232	0.4300
 2290	-0.2927	-0.5299	27.8333	12.0396	1.5338	0.4326
 2300	-0.2937	-0.5226	27.7253	12.0928	1.5473	0.4362
 2310	-0.2900	-0.5197	27.6016	12.1640	1.5632	0.4407
 2320	-0.2874	-0.5108	27.4655	12.2450	1.5804	0.4458
 2330	-0.2894	-0.5054	27.3297	12.3457	1.6003	0.4517
 2340	-0.2885	-0.4987	27.2085	12.4467	1.6203	0.4575
 2350	-0.2878	-0.4942	27.0986	12.5590	1.6419	0.4635
 2360	-0.2890	-0.4905	26.9989	12.6848	1.6654	0.4698
 2370	-0.2922	-0.4889	26.9245	12.8082	1.6887	0.4757
 2380	-0.2973	-0.4887	26.8800	12.9292	1.7119	0.4810
 2390	-0.2988	-0.4892	26.8575	13.0317	1.7327	0.4852
 2400	-0.3020	-0.4881	26.8705	13.1111	1.7505	0.4879
 2410	-0.3061	-0.4840	26.9119	13.1876	1.7681	0.4900
 2420	-0.3101	-0.4820	26.9796	13.2397	1.7824	0.4907
 2430	-0.3111	-0.4777	27.0791	13.2648	1.7932	0.4899
 2440	-0.3131	-0.4745	27.1962	13.2608	1.8000	0.4876
 2450	-0.3178	-0.4696	27.3201	13.2379	1.8043	0.4845
 2460	-0.3210	-0.4660	27.4376	13.1834	1.8042	0.4805
 2470	-0.3258	-0.4655	27.5402	13.1256	1.8036	0.4766
 2480	-0.3300	-0.4641	27.6316	13.0543	1.8010	0.4724
 2490	-0.3383	-0.4663	27.6792	12.9784	1.7978	0.4689
 2500	-0.3427	-0.4701	27.6849	12.9145	1.7961	0.4665
 2510	-0.3441	-0.4735	27.6555	12.8492	1.7942	0.4646
 2520	-0.3482	-0.4736	27.5815	12.8088	1.7957	0.4644
 2530	-0.3487	-0.4754	27.4687	12.7742	1.7979	0.4650
 2540	-0.3467	-0.4749	27.3184	12.7629	1.8034	0.4672
 2550	-0.3434	-0.4743	27.1559	12.7775	1.8126	0.4705
 2560	-0.3380	-0.4672	26.9830	12.8104	1.8244	0.4748
 2570	-0.3321	-0.4610	26.8051	12.8562	1.8381	0.4796
 2580	-0.3308	-0.4560	26.6307	12.9176	1.8541	0.4851
 2590	-0.3299	-0.4492	26.4773	12.9836	1.8707	0.4904
 2600	-0.3282	-0.4456	26.3468	13.0625	1.8894	0.4958
 2610	-0.3307	-0.4444	26.2352	13.1409	1.9080	0.5009
 2620	-0.3313	-0.4423	26.1520	13.2235	1.9274	0.5056
 2630	-0.3370	-0.4420	26.0889	13.2987	1.9457	0.5097
 2640	-0.3406	-0.4443	26.0535	13.3641	1.9627	0.5129
 2650	-0.3437	-0.4412	26.0291	13.4320	1.9802	0.5160
 2660	-0.3484	-0.4439	26.0264	13.4947	1.9969	0.5185
 2670	-0.3486	-0.4378	26.0435	13.5465	2.0121	0.5201
 2680	-0.3484	-0.4370	26.0827	13.5772	2.0242	0.5205
 2690	-0.3475	-0.4320	26.1253	13.6026	2.0356	0.5207
 2700	-0.3488	-0.4263	26.1785	13.6171	2.0454	0.5202
 2710	-0.3495	-0.4228	26.2328	13.6349	2.0556	0.5198
 2720	-0.3506	-0.4189	26.2944	13.6432	2.0645	0.5189
 2730	-0.3542	-0.4165	26.3615	13.6339	2.0706	0.5172
 2740	-0.3597	-0.4174	26.4137	13.6305	2.0777	0.5160
 2750	-0.3654	-0.4179	26.4378	13.6186	2.0835	0.5151
 2760	-0.3709	-0.4203	26.4484	13.6044	2.0888	0.5144
 2770	-0.3767	-0.4197	26.4355	13.5922	2.0945	0.5142
 2780	-0.3793	-0.4228	26.4165	13.5872	2.1013	0.5143
 2790	-0.3803	-0.4238	26.3906	13.5895	2.1092	0.5149
 2800	-0.3787	-0.4195	26.3582	13.6020	2.1188	0.5160
 2810	-0.3774	-0.4151	26.3309	13.6050	2.1268	0.5167
 2820	-0.3721	-0.4114	26.2996	13.6188	2.1365	0.5178
 2830	-0.3728	-0.4084	26.2633	13.6297	2.1458	0.5190
 2840	-0.3695	-0.4035	26.2279	13.6425	2.1554	0.5202
 2850	-0.3703	-0.4010	26.1922	13.6574	2.1654	0.5214
 2860	-0.3712	-0.3985	26.1444	13.6693	2.1749	0.5228
 2870	-0.3760	-0.3967	26.0831	13.6767	2.1836	0.5244
 2880	-0.3823	-0.4001	26.0082	13.6839	2.1924	0.5261
 2890	-0.3881	-0.3995	25.9294	13.6761	2.1988	0.5274
 2900	-0.3896	-0.4008	25.8409	13.6625	2.2042	0.5287
 2910	-0.3909	-0.4019	25.7415	13.6435	2.2087	0.5300
 2920	-0.3884	-0.4034	25.6421	13.6279	2.2138	0.5315
 2930	-0.3834	-0.4012	25.5286	13.6064	2.2178	0.5330
 2940	-0.3795	-0.3966	25.4074	13.5960	2.2237	0.5351
 2950	-0.3728	-0.3920	25.2797	13.6164	2.2346	0.5386
 2960	-0.3690	-0.3882	25.1394	13.6629	2.2499	0.5435
 2970	-0.3678	-0.3855	24.9867	13.7409	2.2703	0.5499
 2980	-0.3660	-0.3805	24.8312	13.8379	2.2941	0.5573
 2990	-0.3678	-0.3798	24.6514	13.9682	2.3234	0.5666
 3000	-0.3712	-0.3777	24.4617	14.1091	2.3547	0.5768
