; Name : DAK 12 Water 55.5 deg.C 2024-Oct-18 12:44:05
; Date : 2024-Oct-18 12:44:05
; Temperature(C) : 55.5
; Probe : DAK 12
; Network Analyzer : Hewlett Packard / Agilent Technologies 87XX
; Originally imported from : 
; Notes : 
;
; MHz  ReflR  ReflI  EpsR  EpsI  Sigma  TanD
;
   50	0.9919	-0.1379	68.5385	0.0124	0.0000	0.0002
   60	0.9868	-0.1629	68.3173	0.0297	0.0001	0.0004
   70	0.9834	-0.1885	68.0999	-0.0361	-0.0001	-0.0005
   80	0.9766	-0.2157	67.9362	-0.0045	-0.0000	-0.0001
   90	0.9693	-0.2423	67.7814	0.0179	0.0001	0.0003
  100	0.9628	-0.2687	67.6497	0.0891	0.0005	0.0013
  110	0.9561	-0.2937	67.5303	0.0769	0.0005	0.0011
  120	0.9476	-0.3190	67.4849	0.1132	0.0008	0.0017
  130	0.9388	-0.3446	67.4834	0.0999	0.0007	0.0015
  140	0.9287	-0.3710	67.5085	0.0987	0.0008	0.0015
  150	0.9194	-0.3935	67.5451	0.1093	0.0009	0.0016
  160	0.9088	-0.4171	67.6256	0.1151	0.0010	0.0017
  170	0.8945	-0.4416	67.7166	0.1659	0.0016	0.0024
  180	0.8826	-0.4653	67.7884	0.1801	0.0018	0.0027
  190	0.8728	-0.4882	67.8041	0.2087	0.0022	0.0031
  200	0.8576	-0.5089	67.7675	0.2422	0.0027	0.0036
  210	0.8443	-0.5309	67.7251	0.2592	0.0030	0.0038
  220	0.8344	-0.5534	67.7029	0.2784	0.0034	0.0041
  230	0.8148	-0.5747	67.7238	0.2928	0.0037	0.0043
  240	0.8029	-0.5942	67.7249	0.3022	0.0040	0.0045
  250	0.7825	-0.6126	67.7215	0.3094	0.0043	0.0046
  260	0.7718	-0.6316	67.7075	0.3184	0.0046	0.0047
  270	0.7532	-0.6477	67.7049	0.3419	0.0051	0.0050
  280	0.7374	-0.6694	67.7112	0.3684	0.0057	0.0054
  290	0.7201	-0.6874	67.7289	0.3854	0.0062	0.0057
  300	0.7045	-0.7025	67.7201	0.4101	0.0068	0.0061
  310	0.6876	-0.7208	67.7198	0.4427	0.0076	0.0065
  320	0.6678	-0.7339	67.7347	0.4740	0.0084	0.0070
  330	0.6522	-0.7505	67.7475	0.5051	0.0093	0.0075
  340	0.6319	-0.7655	67.7390	0.5347	0.0101	0.0079
  350	0.6139	-0.7775	67.7323	0.5593	0.0109	0.0083
  360	0.5959	-0.7917	67.7210	0.5756	0.0115	0.0085
  370	0.5778	-0.8035	67.7215	0.5853	0.0120	0.0086
  380	0.5577	-0.8170	67.7446	0.6014	0.0127	0.0089
  390	0.5412	-0.8283	67.7420	0.6170	0.0134	0.0091
  400	0.5221	-0.8402	67.7435	0.6456	0.0144	0.0095
  410	0.5042	-0.8513	67.7359	0.6539	0.0149	0.0097
  420	0.4855	-0.8600	67.7324	0.6748	0.0158	0.0100
  430	0.4669	-0.8689	67.7490	0.6811	0.0163	0.0101
  440	0.4467	-0.8805	67.7473	0.6915	0.0169	0.0102
  450	0.4274	-0.8894	67.7369	0.7034	0.0176	0.0104
  460	0.4103	-0.8962	67.7345	0.7293	0.0187	0.0108
  470	0.3926	-0.9045	67.7291	0.7347	0.0192	0.0108
  480	0.3701	-0.9117	67.7203	0.7518	0.0201	0.0111
  490	0.3523	-0.9166	67.7219	0.7762	0.0212	0.0115
  500	0.3351	-0.9235	67.7095	0.8015	0.0223	0.0118
  510	0.3192	-0.9276	67.7111	0.8191	0.0232	0.0121
  520	0.3003	-0.9336	67.7015	0.8481	0.0245	0.0125
  530	0.2811	-0.9395	67.7009	0.8703	0.0257	0.0129
  540	0.2626	-0.9436	67.6923	0.8654	0.0260	0.0128
  550	0.2468	-0.9472	67.7012	0.8815	0.0270	0.0130
  560	0.2264	-0.9516	67.7039	0.8974	0.0280	0.0133
  570	0.2117	-0.9544	67.7077	0.9149	0.0290	0.0135
  580	0.1914	-0.9573	67.7122	0.9344	0.0301	0.0138
  590	0.1751	-0.9602	67.7284	0.9477	0.0311	0.0140
  600	0.1574	-0.9627	67.7331	0.9654	0.0322	0.0143
  610	0.1405	-0.9609	67.7248	0.9809	0.0333	0.0145
  620	0.1239	-0.9680	67.7298	0.9856	0.0340	0.0146
  630	0.1082	-0.9662	67.7533	0.9931	0.0348	0.0147
  640	0.0912	-0.9675	67.7621	1.0066	0.0358	0.0149
  650	0.0759	-0.9678	67.7626	1.0216	0.0369	0.0151
  660	0.0580	-0.9689	67.7657	1.0439	0.0383	0.0154
  670	0.0445	-0.9666	67.7809	1.0697	0.0399	0.0158
  680	0.0296	-0.9654	67.7861	1.1018	0.0417	0.0163
  690	0.0149	-0.9699	67.7857	1.1267	0.0432	0.0166
  700	-0.0025	-0.9667	67.7890	1.1439	0.0445	0.0169
  710	-0.0176	-0.9656	67.7985	1.1767	0.0465	0.0174
  720	-0.0329	-0.9649	67.7760	1.1957	0.0479	0.0176
  730	-0.0466	-0.9623	67.7715	1.2173	0.0494	0.0180
  740	-0.0618	-0.9601	67.7582	1.2287	0.0506	0.0181
  750	-0.0750	-0.9572	67.7486	1.2359	0.0516	0.0182
  760	-0.0858	-0.9545	67.7412	1.2455	0.0527	0.0184
  770	-0.0984	-0.9537	67.7420	1.2431	0.0532	0.0184
  780	-0.1130	-0.9530	67.7334	1.2600	0.0547	0.0186
  790	-0.1267	-0.9507	67.7307	1.2648	0.0556	0.0187
  800	-0.1379	-0.9486	67.7175	1.2796	0.0569	0.0189
  810	-0.1519	-0.9461	67.7149	1.2921	0.0582	0.0191
  820	-0.1654	-0.9424	67.7041	1.3044	0.0595	0.0193
  830	-0.1757	-0.9378	67.7101	1.3043	0.0602	0.0193
  840	-0.1877	-0.9357	67.7191	1.3078	0.0611	0.0193
  850	-0.2027	-0.9334	67.7434	1.3259	0.0627	0.0196
  860	-0.2151	-0.9262	67.7591	1.3671	0.0654	0.0202
  870	-0.2232	-0.9245	67.7691	1.4080	0.0681	0.0208
  880	-0.2344	-0.9193	67.7682	1.4592	0.0714	0.0215
  890	-0.2451	-0.9159	67.7623	1.5012	0.0743	0.0222
  900	-0.2553	-0.9129	67.7454	1.5399	0.0771	0.0227
  910	-0.2663	-0.9091	67.7279	1.5646	0.0792	0.0231
  920	-0.2779	-0.9039	67.7165	1.5921	0.0815	0.0235
  930	-0.2871	-0.8993	67.7027	1.6038	0.0830	0.0237
  940	-0.2979	-0.8958	67.6796	1.6064	0.0840	0.0237
  950	-0.3049	-0.8906	67.6616	1.5948	0.0843	0.0236
  960	-0.3143	-0.8860	67.6653	1.5835	0.0846	0.0234
  970	-0.3232	-0.8828	67.6608	1.5771	0.0851	0.0233
  980	-0.3346	-0.8804	67.6562	1.5788	0.0861	0.0233
  990	-0.3428	-0.8761	67.6566	1.5691	0.0864	0.0232
 1000	-0.3548	-0.8740	67.6722	1.5695	0.0873	0.0232
 1010	-0.3628	-0.8663	67.6769	1.5954	0.0896	0.0236
 1020	-0.3717	-0.8621	67.6805	1.6074	0.0912	0.0238
 1030	-0.3790	-0.8565	67.6933	1.6337	0.0936	0.0241
 1040	-0.3867	-0.8529	67.6905	1.6673	0.0965	0.0246
 1050	-0.3943	-0.8484	67.6838	1.6932	0.0989	0.0250
 1060	-0.4043	-0.8441	67.6913	1.7261	0.1018	0.0255
 1070	-0.4115	-0.8355	67.7003	1.7497	0.1042	0.0258
 1080	-0.4182	-0.8307	67.7050	1.7753	0.1067	0.0262
 1090	-0.4236	-0.8266	67.7135	1.7963	0.1089	0.0265
 1100	-0.4319	-0.8231	67.7229	1.8287	0.1119	0.0270
 1110	-0.4414	-0.8174	67.7313	1.8571	0.1147	0.0274
 1120	-0.4475	-0.8134	67.7345	1.8822	0.1173	0.0278
 1130	-0.4547	-0.8073	67.7502	1.9044	0.1197	0.0281
 1140	-0.4611	-0.8045	67.7635	1.9263	0.1222	0.0284
 1150	-0.4687	-0.7996	67.7793	1.9475	0.1246	0.0287
 1160	-0.4734	-0.7938	67.7780	1.9861	0.1282	0.0293
 1170	-0.4830	-0.7890	67.7738	2.0090	0.1308	0.0296
 1180	-0.4902	-0.7829	67.7643	2.0279	0.1331	0.0299
 1190	-0.4935	-0.7769	67.7546	2.0430	0.1352	0.0302
 1200	-0.4981	-0.7733	67.7400	2.0456	0.1366	0.0302
 1210	-0.5036	-0.7667	67.7424	2.0561	0.1384	0.0304
 1220	-0.5094	-0.7639	67.7458	2.0711	0.1406	0.0306
 1230	-0.5146	-0.7596	67.7315	2.0852	0.1427	0.0308
 1240	-0.5208	-0.7563	67.7190	2.1009	0.1449	0.0310
 1250	-0.5281	-0.7507	67.7148	2.1095	0.1467	0.0312
 1260	-0.5331	-0.7465	67.7081	2.1300	0.1493	0.0315
 1270	-0.5372	-0.7422	67.6962	2.1550	0.1523	0.0318
 1280	-0.5431	-0.7364	67.6861	2.1799	0.1552	0.0322
 1290	-0.5494	-0.7316	67.6767	2.1902	0.1572	0.0324
 1300	-0.5542	-0.7260	67.6752	2.2111	0.1599	0.0327
 1310	-0.5570	-0.7210	67.6743	2.2320	0.1627	0.0330
 1320	-0.5616	-0.7160	67.6860	2.2559	0.1657	0.0333
 1330	-0.5661	-0.7116	67.6845	2.2771	0.1685	0.0336
 1340	-0.5698	-0.7058	67.6595	2.3000	0.1715	0.0340
 1350	-0.5735	-0.7044	67.6384	2.3114	0.1736	0.0342
 1360	-0.5782	-0.6988	67.6104	2.3214	0.1756	0.0343
 1370	-0.5849	-0.6952	67.5902	2.3039	0.1756	0.0341
 1380	-0.5881	-0.6913	67.5799	2.2941	0.1761	0.0339
 1390	-0.5930	-0.6861	67.5927	2.2855	0.1767	0.0338
 1400	-0.5981	-0.6824	67.6045	2.2848	0.1780	0.0338
 1410	-0.6008	-0.6783	67.6121	2.2989	0.1803	0.0340
 1420	-0.6049	-0.6730	67.6242	2.3056	0.1821	0.0341
 1430	-0.6080	-0.6688	67.6462	2.3294	0.1853	0.0344
 1440	-0.6130	-0.6648	67.6542	2.3441	0.1878	0.0346
 1450	-0.6164	-0.6597	67.6513	2.3621	0.1905	0.0349
 1460	-0.6207	-0.6555	67.6296	2.3684	0.1924	0.0350
 1470	-0.6235	-0.6490	67.6198	2.3688	0.1937	0.0350
 1480	-0.6279	-0.6450	67.6058	2.3580	0.1941	0.0349
 1490	-0.6303	-0.6415	67.5989	2.3492	0.1947	0.0348
 1500	-0.6343	-0.6368	67.6028	2.3371	0.1950	0.0346
 1510	-0.6350	-0.6344	67.6205	2.3339	0.1961	0.0345
 1520	-0.6403	-0.6320	67.6541	2.3408	0.1979	0.0346
 1530	-0.6434	-0.6284	67.6932	2.3526	0.2002	0.0348
 1540	-0.6487	-0.6228	67.7382	2.3868	0.2045	0.0352
 1550	-0.6516	-0.6196	67.7660	2.4199	0.2087	0.0357
 1560	-0.6539	-0.6134	67.7963	2.4655	0.2140	0.0364
 1570	-0.6589	-0.6092	67.8184	2.5094	0.2192	0.0370
 1580	-0.6609	-0.6014	67.8390	2.5516	0.2243	0.0376
 1590	-0.6631	-0.5969	67.8347	2.5873	0.2289	0.0381
 1600	-0.6649	-0.5915	67.8394	2.6428	0.2352	0.0390
 1610	-0.6665	-0.5892	67.8344	2.6869	0.2407	0.0396
 1620	-0.6687	-0.5846	67.8206	2.7466	0.2475	0.0405
 1630	-0.6710	-0.5828	67.7950	2.7915	0.2531	0.0412
 1640	-0.6733	-0.5800	67.7574	2.8133	0.2567	0.0415
 1650	-0.6764	-0.5759	67.7106	2.8230	0.2591	0.0417
 1660	-0.6782	-0.5744	67.6703	2.8156	0.2600	0.0416
 1670	-0.6802	-0.5697	67.6536	2.7819	0.2585	0.0411
 1680	-0.6850	-0.5662	67.6522	2.7552	0.2575	0.0407
 1690	-0.6863	-0.5605	67.6809	2.7312	0.2568	0.0404
 1700	-0.6879	-0.5579	67.7100	2.7222	0.2574	0.0402
 1710	-0.6912	-0.5522	67.7438	2.7247	0.2592	0.0402
 1720	-0.6935	-0.5490	67.7999	2.7382	0.2620	0.0404
 1730	-0.6976	-0.5436	67.8496	2.7889	0.2684	0.0411
 1740	-0.6987	-0.5431	67.8818	2.8353	0.2745	0.0418
 1750	-0.7013	-0.5367	67.9041	2.9009	0.2824	0.0427
 1760	-0.7042	-0.5337	67.9009	2.9715	0.2909	0.0438
 1770	-0.7044	-0.5288	67.8862	3.0351	0.2989	0.0447
 1780	-0.7048	-0.5241	67.8558	3.1023	0.3072	0.0457
 1790	-0.7069	-0.5214	67.8094	3.1594	0.3146	0.0466
 1800	-0.7062	-0.5196	67.7618	3.2004	0.3205	0.0472
 1810	-0.7079	-0.5154	67.7079	3.2273	0.3250	0.0477
 1820	-0.7099	-0.5130	67.6775	3.2430	0.3284	0.0479
 1830	-0.7113	-0.5099	67.6442	3.2484	0.3307	0.0480
 1840	-0.7139	-0.5059	67.6196	3.2515	0.3328	0.0481
 1850	-0.7155	-0.5018	67.5814	3.2242	0.3318	0.0477
 1860	-0.7170	-0.5009	67.5725	3.2103	0.3322	0.0475
 1870	-0.7202	-0.4965	67.5648	3.1877	0.3316	0.0472
 1880	-0.7213	-0.4931	67.5711	3.1813	0.3327	0.0471
 1890	-0.7243	-0.4909	67.5749	3.1717	0.3335	0.0469
 1900	-0.7261	-0.4869	67.6133	3.1833	0.3365	0.0471
 1910	-0.7269	-0.4833	67.6259	3.2096	0.3410	0.0475
 1920	-0.7292	-0.4813	67.6278	3.2631	0.3485	0.0483
 1930	-0.7294	-0.4761	67.6167	3.3216	0.3566	0.0491
 1940	-0.7294	-0.4737	67.5820	3.3564	0.3622	0.0497
 1950	-0.7304	-0.4708	67.5481	3.3888	0.3676	0.0502
 1960	-0.7313	-0.4673	67.5145	3.4215	0.3731	0.0507
 1970	-0.7337	-0.4633	67.4740	3.4204	0.3749	0.0507
 1980	-0.7334	-0.4603	67.4470	3.4053	0.3751	0.0505
 1990	-0.7359	-0.4564	67.4275	3.3789	0.3741	0.0501
 2000	-0.7381	-0.4569	67.4145	3.3461	0.3723	0.0496
 2010	-0.7390	-0.4533	67.4154	3.3006	0.3691	0.0490
 2020	-0.7414	-0.4515	67.4469	3.2624	0.3666	0.0484
 2030	-0.7416	-0.4486	67.4807	3.2191	0.3635	0.0477
 2040	-0.7450	-0.4459	67.5351	3.1691	0.3597	0.0469
 2050	-0.7485	-0.4415	67.5866	3.1529	0.3596	0.0466
 2060	-0.7494	-0.4384	67.6554	3.1292	0.3586	0.0463
 2070	-0.7504	-0.4344	67.7175	3.1200	0.3593	0.0461
 2080	-0.7507	-0.4301	67.7818	3.1278	0.3619	0.0461
 2090	-0.7518	-0.4282	67.8392	3.1532	0.3666	0.0465
 2100	-0.7542	-0.4231	67.9099	3.1927	0.3730	0.0470
 2110	-0.7529	-0.4192	67.9770	3.2546	0.3820	0.0479
 2120	-0.7544	-0.4170	68.0380	3.3299	0.3927	0.0489
 2130	-0.7562	-0.4137	68.0739	3.4155	0.4047	0.0502
 2140	-0.7567	-0.4114	68.1094	3.4948	0.4161	0.0513
 2150	-0.7572	-0.4089	68.1171	3.5757	0.4277	0.0525
 2160	-0.7584	-0.4055	68.1120	3.6546	0.4391	0.0537
 2170	-0.7584	-0.4020	68.0816	3.7344	0.4508	0.0549
 2180	-0.7592	-0.3995	68.0540	3.8038	0.4613	0.0559
 2190	-0.7606	-0.3959	68.0480	3.8352	0.4673	0.0564
 2200	-0.7580	-0.3933	68.0107	3.8586	0.4722	0.0567
 2210	-0.7604	-0.3898	67.9446	3.8727	0.4761	0.0570
 2220	-0.7597	-0.3877	67.8776	3.8857	0.4799	0.0572
 2230	-0.7611	-0.3868	67.8073	3.8986	0.4836	0.0575
 2240	-0.7614	-0.3846	67.7643	3.9203	0.4885	0.0579
 2250	-0.7631	-0.3821	67.7203	3.9260	0.4914	0.0580
 2260	-0.7636	-0.3800	67.6637	3.9274	0.4938	0.0580
 2270	-0.7641	-0.3780	67.6226	3.9313	0.4965	0.0581
 2280	-0.7649	-0.3767	67.5962	3.9261	0.4980	0.0581
 2290	-0.7663	-0.3741	67.5641	3.9208	0.4995	0.0580
 2300	-0.7666	-0.3704	67.5448	3.9205	0.5016	0.0580
 2310	-0.7681	-0.3690	67.5571	3.8798	0.4986	0.0574
 2320	-0.7661	-0.3665	67.5571	3.8850	0.5014	0.0575
 2330	-0.7666	-0.3629	67.5747	3.8712	0.5018	0.0573
 2340	-0.7696	-0.3576	67.5886	3.8630	0.5029	0.0572
 2350	-0.7696	-0.3563	67.5872	3.8839	0.5078	0.0575
 2360	-0.7709	-0.3554	67.5947	3.8805	0.5095	0.0574
 2370	-0.7718	-0.3538	67.6084	3.8821	0.5118	0.0574
 2380	-0.7724	-0.3529	67.6081	3.8667	0.5120	0.0572
 2390	-0.7725	-0.3466	67.6193	3.9038	0.5190	0.0577
 2400	-0.7737	-0.3462	67.6328	3.9065	0.5216	0.0578
 2410	-0.7754	-0.3453	67.6352	3.9058	0.5237	0.0577
 2420	-0.7743	-0.3415	67.6467	3.9014	0.5252	0.0577
 2430	-0.7752	-0.3387	67.6438	3.8990	0.5271	0.0576
 2440	-0.7747	-0.3366	67.6557	3.8940	0.5286	0.0576
 2450	-0.7734	-0.3336	67.6796	3.8904	0.5302	0.0575
 2460	-0.7788	-0.3314	67.6969	3.8784	0.5308	0.0573
 2470	-0.7756	-0.3286	67.7181	3.8912	0.5347	0.0575
 2480	-0.7781	-0.3254	67.7661	3.8776	0.5350	0.0572
 2490	-0.7793	-0.3239	67.8018	3.8630	0.5351	0.0570
 2500	-0.7786	-0.3215	67.8252	3.8796	0.5396	0.0572
 2510	-0.7789	-0.3206	67.8456	3.9042	0.5452	0.0575
 2520	-0.7808	-0.3167	67.8585	3.9510	0.5539	0.0582
 2530	-0.7821	-0.3164	67.8830	3.9993	0.5629	0.0589
 2540	-0.7786	-0.3114	67.9144	4.0786	0.5763	0.0601
 2550	-0.7800	-0.3096	67.9242	4.1181	0.5842	0.0606
 2560	-0.7798	-0.3076	67.9379	4.1763	0.5948	0.0615
 2570	-0.7802	-0.3038	67.9481	4.2442	0.6068	0.0625
 2580	-0.7784	-0.3022	67.9491	4.2943	0.6163	0.0632
 2590	-0.7779	-0.2998	67.9485	4.3441	0.6259	0.0639
 2600	-0.7781	-0.2966	67.9457	4.3998	0.6364	0.0648
 2610	-0.7784	-0.2945	67.9219	4.4170	0.6413	0.0650
 2620	-0.7778	-0.2921	67.8908	4.4911	0.6546	0.0662
 2630	-0.7804	-0.2903	67.8879	4.4972	0.6580	0.0662
 2640	-0.7811	-0.2912	67.8784	4.5238	0.6644	0.0666
 2650	-0.7812	-0.2876	67.8353	4.5653	0.6730	0.0673
 2660	-0.7814	-0.2858	67.8141	4.5806	0.6778	0.0675
 2670	-0.7804	-0.2844	67.8051	4.5828	0.6807	0.0676
 2680	-0.7816	-0.2821	67.7838	4.5962	0.6853	0.0678
 2690	-0.7794	-0.2802	67.7938	4.6338	0.6934	0.0684
 2700	-0.7810	-0.2783	67.8030	4.6171	0.6935	0.0681
 2710	-0.7801	-0.2752	67.7756	4.6204	0.6966	0.0682
 2720	-0.7807	-0.2735	67.7765	4.6120	0.6979	0.0680
 2730	-0.7815	-0.2720	67.7639	4.6295	0.7031	0.0683
 2740	-0.7832	-0.2693	67.7645	4.6341	0.7064	0.0684
 2750	-0.7833	-0.2666	67.7739	4.6151	0.7060	0.0681
 2760	-0.7833	-0.2678	67.7722	4.6317	0.7112	0.0683
 2770	-0.7813	-0.2651	67.7701	4.6443	0.7157	0.0685
 2780	-0.7847	-0.2637	67.7582	4.6330	0.7165	0.0684
 2790	-0.7847	-0.2601	67.7460	4.6262	0.7180	0.0683
 2800	-0.7824	-0.2604	67.7412	4.6426	0.7232	0.0685
 2810	-0.7828	-0.2573	67.7335	4.6564	0.7279	0.0687
 2820	-0.7827	-0.2564	67.7345	4.6585	0.7308	0.0688
 2830	-0.7813	-0.2542	67.7115	4.6576	0.7333	0.0688
 2840	-0.7813	-0.2504	67.7190	4.6420	0.7334	0.0685
 2850	-0.7828	-0.2477	67.7018	4.6381	0.7354	0.0685
 2860	-0.7806	-0.2483	67.6784	4.6601	0.7414	0.0689
 2870	-0.7827	-0.2462	67.7143	4.6374	0.7404	0.0685
 2880	-0.7817	-0.2438	67.7326	4.6342	0.7425	0.0684
 2890	-0.7826	-0.2422	67.7883	4.6340	0.7450	0.0684
 2900	-0.7858	-0.2413	67.8276	4.6569	0.7513	0.0687
 2910	-0.7839	-0.2391	67.8248	4.6776	0.7572	0.0690
 2920	-0.7839	-0.2371	67.8518	4.7041	0.7642	0.0693
 2930	-0.7834	-0.2362	67.8652	4.7035	0.7667	0.0693
 2940	-0.7839	-0.2332	67.8691	4.7422	0.7756	0.0699
 2950	-0.7824	-0.2320	67.8380	4.8085	0.7891	0.0709
 2960	-0.7815	-0.2292	67.8330	4.8453	0.7979	0.0714
 2970	-0.7825	-0.2258	67.8128	4.9070	0.8108	0.0724
 2980	-0.7806	-0.2261	67.8006	5.0154	0.8315	0.0740
 2990	-0.7842	-0.2222	67.8053	5.1148	0.8508	0.0754
 3000	-0.7818	-0.2229	67.7650	5.2256	0.8721	0.0771
