; Name : DAK 12 Water 48 deg.C 2024-Oct-18 12:25:11
; Date : 2024-Oct-18 12:25:11
; Temperature(C) : 48
; Probe : DAK 12
; Network Analyzer : Hewlett Packard / Agilent Technologies 87XX
; Originally imported from : 
; Notes : 
;
; MHz  ReflR  ReflI  EpsR  EpsI  Sigma  TanD
;
   50	0.9909	-0.1408	70.0698	0.0007	0.0000	0.0000
   60	0.9862	-0.1684	70.0250	0.0448	0.0001	0.0006
   70	0.9819	-0.1938	69.9855	0.0466	0.0002	0.0007
   80	0.9731	-0.2226	69.9495	0.0952	0.0004	0.0014
   90	0.9691	-0.2499	69.9303	0.0959	0.0005	0.0014
  100	0.9617	-0.2779	69.9206	0.1003	0.0006	0.0014
  110	0.9534	-0.3047	69.9081	0.1314	0.0008	0.0019
  120	0.9444	-0.3306	69.9065	0.1290	0.0009	0.0018
  130	0.9355	-0.3550	69.9175	0.1488	0.0011	0.0021
  140	0.9232	-0.3800	69.9621	0.1491	0.0012	0.0021
  150	0.9117	-0.4050	70.0100	0.1623	0.0014	0.0023
  160	0.9007	-0.4306	70.0693	0.1876	0.0017	0.0027
  170	0.8913	-0.4572	70.1208	0.1956	0.0018	0.0028
  180	0.8745	-0.4780	70.1812	0.1949	0.0020	0.0028
  190	0.8649	-0.5047	70.1698	0.2137	0.0023	0.0030
  200	0.8504	-0.5244	70.1642	0.2130	0.0024	0.0030
  210	0.8338	-0.5487	70.1390	0.2198	0.0026	0.0031
  220	0.8192	-0.5687	70.0981	0.2373	0.0029	0.0034
  230	0.8042	-0.5905	70.1160	0.2572	0.0033	0.0037
  240	0.7879	-0.6099	70.1101	0.2706	0.0036	0.0039
  250	0.7720	-0.6299	70.1041	0.2912	0.0040	0.0042
  260	0.7561	-0.6469	70.0846	0.3149	0.0046	0.0045
  270	0.7420	-0.6667	70.0653	0.3421	0.0051	0.0049
  280	0.7224	-0.6845	70.0294	0.3744	0.0058	0.0053
  290	0.7044	-0.7047	70.0031	0.4266	0.0069	0.0061
  300	0.6872	-0.7199	69.9891	0.4465	0.0075	0.0064
  310	0.6682	-0.7340	69.9939	0.4634	0.0080	0.0066
  320	0.6495	-0.7495	70.0017	0.4886	0.0087	0.0070
  330	0.6320	-0.7670	69.9940	0.5205	0.0096	0.0074
  340	0.6106	-0.7800	70.0049	0.5129	0.0097	0.0073
  350	0.5934	-0.7947	70.0262	0.5202	0.0101	0.0074
  360	0.5750	-0.8076	70.0599	0.5536	0.0111	0.0079
  370	0.5558	-0.8199	70.0705	0.5902	0.0121	0.0084
  380	0.5369	-0.8322	70.0818	0.6305	0.0133	0.0090
  390	0.5159	-0.8440	70.0788	0.6747	0.0146	0.0096
  400	0.4983	-0.8541	70.0691	0.6985	0.0155	0.0100
  410	0.4787	-0.8646	70.0621	0.7126	0.0163	0.0102
  420	0.4566	-0.8759	70.0737	0.7120	0.0166	0.0102
  430	0.4377	-0.8847	70.1013	0.7351	0.0176	0.0105
  440	0.4191	-0.8894	70.1165	0.7597	0.0186	0.0108
  450	0.4007	-0.8999	70.1182	0.7946	0.0199	0.0113
  460	0.3799	-0.9079	70.1054	0.8358	0.0214	0.0119
  470	0.3597	-0.9134	70.1064	0.8329	0.0218	0.0119
  480	0.3433	-0.9178	70.1236	0.8510	0.0227	0.0121
  490	0.3258	-0.9270	70.1385	0.8913	0.0243	0.0127
  500	0.3035	-0.9363	70.1221	0.9164	0.0255	0.0131
  510	0.2849	-0.9393	70.1033	0.9335	0.0265	0.0133
  520	0.2655	-0.9439	70.0975	0.9501	0.0275	0.0136
  530	0.2469	-0.9464	70.1025	0.9648	0.0284	0.0138
  540	0.2298	-0.9479	70.1124	1.0066	0.0302	0.0144
  550	0.2144	-0.9514	70.0995	1.0498	0.0321	0.0150
  560	0.1963	-0.9555	70.0731	1.0639	0.0331	0.0152
  570	0.1774	-0.9606	70.0709	1.0509	0.0333	0.0150
  580	0.1576	-0.9624	70.0705	1.0425	0.0336	0.0149
  590	0.1411	-0.9631	70.0742	1.0514	0.0345	0.0150
  600	0.1221	-0.9640	70.0885	1.0529	0.0351	0.0150
  610	0.1095	-0.9624	70.0997	1.0782	0.0366	0.0154
  620	0.0934	-0.9706	70.1036	1.1046	0.0381	0.0158
  630	0.0733	-0.9696	70.0998	1.1108	0.0389	0.0158
  640	0.0541	-0.9678	70.1338	1.1049	0.0393	0.0158
  650	0.0415	-0.9673	70.1831	1.1163	0.0404	0.0159
  660	0.0275	-0.9689	70.2110	1.1557	0.0424	0.0165
  670	0.0105	-0.9696	70.2289	1.2015	0.0448	0.0171
  680	-0.0080	-0.9704	70.2281	1.2561	0.0475	0.0179
  690	-0.0263	-0.9642	70.2108	1.3030	0.0500	0.0186
  700	-0.0405	-0.9578	70.1870	1.3420	0.0523	0.0191
  710	-0.0483	-0.9571	70.1628	1.3679	0.0540	0.0195
  720	-0.0634	-0.9594	70.1414	1.3719	0.0550	0.0196
  730	-0.0795	-0.9588	70.1288	1.3575	0.0551	0.0194
  740	-0.0948	-0.9560	70.1331	1.3492	0.0555	0.0192
  750	-0.1091	-0.9544	70.1422	1.3511	0.0564	0.0193
  760	-0.1207	-0.9494	70.1397	1.3598	0.0575	0.0194
  770	-0.1325	-0.9460	70.1660	1.3521	0.0579	0.0193
  780	-0.1429	-0.9460	70.2043	1.3750	0.0597	0.0196
  790	-0.1595	-0.9449	70.2376	1.4119	0.0621	0.0201
  800	-0.1745	-0.9424	70.2518	1.4491	0.0645	0.0206
  810	-0.1884	-0.9377	70.2700	1.4910	0.0672	0.0212
  820	-0.2015	-0.9333	70.2979	1.5438	0.0704	0.0220
  830	-0.2139	-0.9277	70.3146	1.6095	0.0743	0.0229
  840	-0.2259	-0.9229	70.3121	1.6957	0.0792	0.0241
  850	-0.2369	-0.9158	70.2562	1.7614	0.0833	0.0251
  860	-0.2447	-0.9100	70.1828	1.7843	0.0854	0.0254
  870	-0.2524	-0.9069	70.1406	1.7709	0.0857	0.0252
  880	-0.2620	-0.9074	70.1292	1.7608	0.0862	0.0251
  890	-0.2754	-0.9035	70.1207	1.7763	0.0879	0.0253
  900	-0.2849	-0.8995	70.1087	1.7987	0.0901	0.0257
  910	-0.2933	-0.8953	70.0806	1.8401	0.0932	0.0263
  920	-0.3044	-0.8927	70.0453	1.8441	0.0944	0.0263
  930	-0.3145	-0.8897	70.0101	1.8404	0.0952	0.0263
  940	-0.3252	-0.8848	70.0002	1.8279	0.0956	0.0261
  950	-0.3361	-0.8805	70.0059	1.8267	0.0965	0.0261
  960	-0.3464	-0.8752	70.0073	1.8159	0.0970	0.0259
  970	-0.3578	-0.8690	70.0109	1.8048	0.0974	0.0258
  980	-0.3667	-0.8626	70.0294	1.7870	0.0974	0.0255
  990	-0.3755	-0.8547	70.0627	1.7810	0.0981	0.0254
 1000	-0.3786	-0.8510	70.1055	1.7982	0.1000	0.0256
 1010	-0.3847	-0.8483	70.1376	1.8344	0.1031	0.0262
 1020	-0.3930	-0.8487	70.1626	1.8595	0.1055	0.0265
 1030	-0.4056	-0.8458	70.1987	1.8721	0.1073	0.0267
 1040	-0.4148	-0.8394	70.2376	1.9084	0.1104	0.0272
 1050	-0.4252	-0.8329	70.2641	1.9570	0.1143	0.0279
 1060	-0.4323	-0.8239	70.2770	2.0114	0.1186	0.0286
 1070	-0.4418	-0.8209	70.2759	2.0464	0.1218	0.0291
 1080	-0.4481	-0.8139	70.2724	2.0742	0.1246	0.0295
 1090	-0.4548	-0.8083	70.2668	2.1017	0.1274	0.0299
 1100	-0.4620	-0.7989	70.2761	2.1325	0.1305	0.0303
 1110	-0.4667	-0.7953	70.2848	2.1679	0.1339	0.0308
 1120	-0.4702	-0.7912	70.2964	2.2089	0.1376	0.0314
 1130	-0.4768	-0.7895	70.2962	2.2569	0.1419	0.0321
 1140	-0.4835	-0.7861	70.2834	2.3151	0.1468	0.0329
 1150	-0.4912	-0.7810	70.2370	2.3583	0.1509	0.0336
 1160	-0.4965	-0.7742	70.1961	2.3710	0.1530	0.0338
 1170	-0.5022	-0.7705	70.1726	2.3790	0.1548	0.0339
 1180	-0.5108	-0.7667	70.1712	2.3831	0.1564	0.0340
 1190	-0.5163	-0.7611	70.1769	2.4088	0.1595	0.0343
 1200	-0.5235	-0.7535	70.1942	2.4434	0.1631	0.0348
 1210	-0.5284	-0.7458	70.1946	2.4878	0.1675	0.0354
 1220	-0.5322	-0.7419	70.1887	2.5246	0.1713	0.0360
 1230	-0.5375	-0.7375	70.1733	2.5659	0.1756	0.0366
 1240	-0.5408	-0.7345	70.1513	2.5992	0.1793	0.0371
 1250	-0.5465	-0.7288	70.1287	2.6304	0.1829	0.0375
 1260	-0.5508	-0.7250	70.0902	2.6431	0.1853	0.0377
 1270	-0.5558	-0.7209	70.0534	2.6455	0.1869	0.0378
 1280	-0.5611	-0.7168	70.0393	2.6256	0.1870	0.0375
 1290	-0.5657	-0.7110	70.0357	2.5959	0.1863	0.0371
 1300	-0.5697	-0.7066	70.0352	2.5846	0.1869	0.0369
 1310	-0.5754	-0.7041	70.0322	2.5739	0.1876	0.0368
 1320	-0.5800	-0.6981	70.0363	2.5581	0.1878	0.0365
 1330	-0.5858	-0.6952	70.0395	2.5469	0.1884	0.0364
 1340	-0.5911	-0.6899	70.0537	2.5545	0.1904	0.0365
 1350	-0.5971	-0.6838	70.0668	2.5626	0.1925	0.0366
 1360	-0.6005	-0.6796	70.0695	2.5773	0.1950	0.0368
 1370	-0.6036	-0.6737	70.0417	2.5811	0.1967	0.0369
 1380	-0.6073	-0.6700	70.0090	2.5824	0.1983	0.0369
 1390	-0.6101	-0.6666	69.9866	2.5862	0.2000	0.0370
 1400	-0.6131	-0.6634	69.9628	2.5784	0.2008	0.0369
 1410	-0.6163	-0.6594	69.9450	2.5490	0.1999	0.0364
 1420	-0.6194	-0.6555	69.9383	2.5026	0.1977	0.0358
 1430	-0.6250	-0.6503	69.9559	2.4496	0.1949	0.0350
 1440	-0.6313	-0.6472	70.0074	2.3876	0.1913	0.0341
 1450	-0.6343	-0.6419	70.0742	2.3448	0.1891	0.0335
 1460	-0.6390	-0.6381	70.1806	2.3198	0.1884	0.0331
 1470	-0.6441	-0.6325	70.2913	2.3469	0.1919	0.0334
 1480	-0.6466	-0.6289	70.4055	2.4021	0.1978	0.0341
 1490	-0.6514	-0.6219	70.5047	2.4849	0.2060	0.0352
 1500	-0.6556	-0.6176	70.5855	2.6034	0.2172	0.0369
 1510	-0.6597	-0.6108	70.6349	2.7369	0.2299	0.0387
 1520	-0.6614	-0.6065	70.6406	2.8840	0.2439	0.0408
 1530	-0.6624	-0.6017	70.6169	3.0321	0.2581	0.0429
 1540	-0.6644	-0.5933	70.5567	3.1684	0.2714	0.0449
 1550	-0.6633	-0.5893	70.4735	3.2786	0.2827	0.0465
 1560	-0.6642	-0.5847	70.3721	3.3759	0.2930	0.0480
 1570	-0.6641	-0.5826	70.2628	3.4366	0.3002	0.0489
 1580	-0.6650	-0.5805	70.1674	3.4325	0.3017	0.0489
 1590	-0.6701	-0.5797	70.0677	3.3874	0.2996	0.0483
 1600	-0.6723	-0.5781	69.9798	3.3068	0.2943	0.0473
 1610	-0.6788	-0.5739	69.9247	3.2017	0.2868	0.0458
 1620	-0.6812	-0.5706	69.9179	3.0945	0.2789	0.0443
 1630	-0.6850	-0.5653	69.9507	2.9966	0.2717	0.0428
 1640	-0.6887	-0.5631	70.0377	2.9076	0.2653	0.0415
 1650	-0.6912	-0.5585	70.1499	2.8427	0.2609	0.0405
 1660	-0.6959	-0.5538	70.2822	2.8391	0.2622	0.0404
 1670	-0.6978	-0.5511	70.3969	2.8760	0.2672	0.0409
 1680	-0.7003	-0.5450	70.5060	2.9447	0.2752	0.0418
 1690	-0.7025	-0.5401	70.6016	3.0705	0.2887	0.0435
 1700	-0.7054	-0.5352	70.6258	3.2048	0.3031	0.0454
 1710	-0.7052	-0.5290	70.6294	3.3362	0.3174	0.0472
 1720	-0.7048	-0.5232	70.5907	3.4551	0.3306	0.0489
 1730	-0.7073	-0.5191	70.5242	3.5707	0.3436	0.0506
 1740	-0.7069	-0.5157	70.4711	3.6449	0.3528	0.0517
 1750	-0.7085	-0.5149	70.4092	3.7221	0.3624	0.0529
 1760	-0.7089	-0.5129	70.3657	3.7677	0.3689	0.0535
 1770	-0.7102	-0.5104	70.3084	3.8150	0.3757	0.0543
 1780	-0.7119	-0.5070	70.2887	3.8424	0.3805	0.0547
 1790	-0.7149	-0.5048	70.2675	3.8504	0.3834	0.0548
 1800	-0.7183	-0.5015	70.2607	3.8474	0.3853	0.0548
 1810	-0.7193	-0.4959	70.2650	3.8364	0.3863	0.0546
 1820	-0.7208	-0.4918	70.2720	3.8388	0.3887	0.0546
 1830	-0.7245	-0.4882	70.3083	3.8565	0.3926	0.0549
 1840	-0.7251	-0.4818	70.3389	3.8810	0.3973	0.0552
 1850	-0.7254	-0.4799	70.3756	3.9302	0.4045	0.0558
 1860	-0.7278	-0.4762	70.3765	3.9955	0.4134	0.0568
 1870	-0.7297	-0.4738	70.3524	4.0531	0.4217	0.0576
 1880	-0.7281	-0.4715	70.3040	4.1134	0.4302	0.0585
 1890	-0.7313	-0.4681	70.2204	4.1518	0.4365	0.0591
 1900	-0.7309	-0.4649	70.1221	4.1519	0.4389	0.0592
 1910	-0.7330	-0.4635	70.0252	4.1198	0.4378	0.0588
 1920	-0.7323	-0.4621	69.9236	4.0672	0.4344	0.0582
 1930	-0.7350	-0.4579	69.8606	3.9979	0.4292	0.0572
 1940	-0.7362	-0.4552	69.8212	3.8721	0.4179	0.0555
 1950	-0.7388	-0.4535	69.8208	3.7731	0.4093	0.0540
 1960	-0.7407	-0.4519	69.8537	3.6941	0.4028	0.0529
 1970	-0.7427	-0.4490	69.9238	3.6002	0.3946	0.0515
 1980	-0.7458	-0.4451	70.0117	3.5179	0.3875	0.0502
 1990	-0.7488	-0.4422	70.1356	3.4736	0.3845	0.0495
 2000	-0.7516	-0.4361	70.2710	3.4561	0.3845	0.0492
 2010	-0.7535	-0.4334	70.4371	3.4595	0.3868	0.0491
 2020	-0.7559	-0.4303	70.5844	3.4927	0.3925	0.0495
 2030	-0.7547	-0.4249	70.7160	3.5835	0.4047	0.0507
 2040	-0.7554	-0.4211	70.8395	3.6858	0.4183	0.0520
 2050	-0.7558	-0.4168	70.9307	3.8141	0.4350	0.0538
 2060	-0.7577	-0.4129	70.9873	3.9631	0.4542	0.0558
 2070	-0.7562	-0.4108	71.0066	4.1086	0.4731	0.0579
 2080	-0.7560	-0.4052	71.0058	4.2505	0.4918	0.0599
 2090	-0.7592	-0.4044	70.9490	4.3860	0.5100	0.0618
 2100	-0.7578	-0.4002	70.8451	4.4944	0.5251	0.0634
 2110	-0.7568	-0.3972	70.7275	4.5653	0.5359	0.0645
 2120	-0.7586	-0.3950	70.5970	4.6204	0.5449	0.0654
 2130	-0.7577	-0.3953	70.4919	4.6414	0.5500	0.0658
 2140	-0.7588	-0.3934	70.3797	4.6208	0.5501	0.0657
 2150	-0.7585	-0.3907	70.2739	4.5990	0.5501	0.0654
 2160	-0.7606	-0.3881	70.1929	4.5515	0.5469	0.0648
 2170	-0.7621	-0.3873	70.1368	4.4891	0.5419	0.0640
 2180	-0.7619	-0.3843	70.1171	4.4549	0.5403	0.0635
 2190	-0.7628	-0.3829	70.1147	4.3922	0.5351	0.0626
 2200	-0.7651	-0.3803	70.1163	4.3573	0.5333	0.0621
 2210	-0.7648	-0.3764	70.1566	4.3101	0.5299	0.0614
 2220	-0.7678	-0.3739	70.1666	4.3113	0.5324	0.0614
 2230	-0.7694	-0.3705	70.2160	4.3033	0.5339	0.0613
 2240	-0.7698	-0.3672	70.2352	4.2919	0.5348	0.0611
 2250	-0.7694	-0.3653	70.2539	4.3181	0.5405	0.0615
 2260	-0.7716	-0.3626	70.2709	4.3516	0.5471	0.0619
 2270	-0.7705	-0.3605	70.2720	4.3628	0.5509	0.0621
 2280	-0.7717	-0.3562	70.2415	4.3760	0.5550	0.0623
 2290	-0.7730	-0.3554	70.2202	4.3951	0.5599	0.0626
 2300	-0.7709	-0.3548	70.2134	4.4020	0.5632	0.0627
 2310	-0.7719	-0.3512	70.2318	4.3737	0.5621	0.0623
 2320	-0.7734	-0.3499	70.2268	4.3361	0.5596	0.0617
 2330	-0.7739	-0.3456	70.2310	4.3138	0.5592	0.0614
 2340	-0.7768	-0.3438	70.2616	4.2733	0.5563	0.0608
 2350	-0.7755	-0.3420	70.3182	4.2459	0.5551	0.0604
 2360	-0.7798	-0.3377	70.3836	4.2481	0.5577	0.0604
 2370	-0.7777	-0.3357	70.4648	4.2225	0.5567	0.0599
 2380	-0.7808	-0.3318	70.5711	4.2317	0.5603	0.0600
 2390	-0.7805	-0.3302	70.6665	4.2581	0.5661	0.0603
 2400	-0.7814	-0.3276	70.7303	4.3041	0.5747	0.0609
 2410	-0.7813	-0.3232	70.8268	4.3852	0.5879	0.0619
 2420	-0.7821	-0.3207	70.9012	4.4854	0.6039	0.0633
 2430	-0.7818	-0.3185	70.9751	4.5698	0.6178	0.0644
 2440	-0.7797	-0.3160	71.0301	4.6796	0.6352	0.0659
 2450	-0.7795	-0.3128	71.0522	4.8151	0.6563	0.0678
 2460	-0.7812	-0.3086	71.0857	4.9491	0.6773	0.0696
 2470	-0.7810	-0.3074	71.1059	5.0833	0.6985	0.0715
 2480	-0.7800	-0.3055	71.1035	5.2096	0.7187	0.0733
 2490	-0.7813	-0.3026	71.0547	5.3004	0.7342	0.0746
 2500	-0.7811	-0.2999	71.0159	5.4231	0.7542	0.0764
 2510	-0.7790	-0.2974	70.9608	5.4946	0.7672	0.0774
 2520	-0.7798	-0.2965	70.8728	5.5698	0.7808	0.0786
 2530	-0.7799	-0.2928	70.8032	5.5972	0.7878	0.0791
 2540	-0.7805	-0.2913	70.7072	5.6163	0.7936	0.0794
 2550	-0.7794	-0.2924	70.6485	5.5928	0.7934	0.0792
 2560	-0.7781	-0.2883	70.5851	5.5560	0.7913	0.0787
 2570	-0.7778	-0.2874	70.4947	5.5067	0.7873	0.0781
 2580	-0.7799	-0.2876	70.4393	5.4361	0.7802	0.0772
 2590	-0.7804	-0.2841	70.3847	5.3563	0.7718	0.0761
 2600	-0.7807	-0.2831	70.3713	5.2958	0.7660	0.0753
 2610	-0.7815	-0.2809	70.3998	5.2162	0.7574	0.0741
 2620	-0.7824	-0.2770	70.4001	5.1578	0.7518	0.0733
 2630	-0.7835	-0.2755	70.4594	5.1463	0.7530	0.0730
 2640	-0.7847	-0.2759	70.5265	5.1310	0.7536	0.0728
 2650	-0.7845	-0.2700	70.5989	5.1405	0.7578	0.0728
 2660	-0.7850	-0.2700	70.6946	5.1557	0.7629	0.0729
 2670	-0.7848	-0.2676	70.7974	5.1618	0.7667	0.0729
 2680	-0.7850	-0.2651	70.8865	5.2142	0.7774	0.0736
 2690	-0.7836	-0.2628	70.9417	5.2282	0.7824	0.0737
 2700	-0.7855	-0.2587	70.9627	5.2756	0.7924	0.0743
 2710	-0.7855	-0.2567	70.9898	5.3537	0.8071	0.0754
 2720	-0.7834	-0.2562	71.0083	5.3969	0.8166	0.0760
 2730	-0.7856	-0.2528	71.0140	5.4394	0.8261	0.0766
 2740	-0.7869	-0.2531	70.9827	5.4713	0.8340	0.0771
 2750	-0.7855	-0.2507	70.9386	5.5060	0.8423	0.0776
 2760	-0.7872	-0.2484	70.8912	5.5476	0.8518	0.0783
 2770	-0.7863	-0.2492	70.8472	5.5849	0.8606	0.0788
 2780	-0.7849	-0.2444	70.7929	5.6236	0.8697	0.0794
 2790	-0.7840	-0.2444	70.7458	5.6540	0.8776	0.0799
 2800	-0.7829	-0.2434	70.7311	5.7213	0.8912	0.0809
 2810	-0.7836	-0.2405	70.6985	5.7464	0.8983	0.0813
 2820	-0.7840	-0.2381	70.6645	5.7991	0.9098	0.0821
 2830	-0.7811	-0.2361	70.6659	5.8406	0.9195	0.0827
 2840	-0.7836	-0.2356	70.6524	5.8672	0.9270	0.0830
 2850	-0.7827	-0.2339	70.6645	5.8939	0.9345	0.0834
 2860	-0.7812	-0.2323	70.6523	5.9304	0.9436	0.0839
 2870	-0.7828	-0.2288	70.6133	5.9449	0.9492	0.0842
 2880	-0.7821	-0.2253	70.6221	5.9395	0.9516	0.0841
 2890	-0.7831	-0.2265	70.5751	5.9486	0.9564	0.0843
 2900	-0.7833	-0.2243	70.5524	5.9576	0.9612	0.0844
 2910	-0.7828	-0.2235	70.5278	5.9626	0.9653	0.0845
 2920	-0.7831	-0.2228	70.4836	5.9719	0.9701	0.0847
 2930	-0.7821	-0.2210	70.4718	6.0073	0.9792	0.0852
 2940	-0.7826	-0.2195	70.4345	6.0150	0.9838	0.0854
 2950	-0.7811	-0.2173	70.4229	6.0300	0.9896	0.0856
 2960	-0.7827	-0.2151	70.4621	6.0432	0.9951	0.0858
 2970	-0.7808	-0.2144	70.4907	6.0504	0.9997	0.0858
 2980	-0.7819	-0.2107	70.5482	6.0993	1.0111	0.0865
 2990	-0.7831	-0.2104	70.6386	6.1107	1.0164	0.0865
 3000	-0.7828	-0.2078	70.7116	6.1679	1.0294	0.0872
