; Name : DAK 12 Propanol 10 deg.C 2024-Nov-01 16:02:48
; Date : 2024-Nov-01 16:02:48
; Temperature(C) : 10
; Probe : DAK 12
; Network Analyzer : Hewlett Packard / Agilent Technologies 87XX
; Originally imported from : 
; Notes : 
;
; MHz  ReflR  ReflI  EpsR  EpsI  Sigma  TanD
;
   50	0.9931	-0.0487	23.7520	2.8779	0.0080	0.1212
   60	0.9873	-0.0565	23.3159	4.0113	0.0134	0.1720
   70	0.9835	-0.0628	22.8639	4.8128	0.0187	0.2105
   80	0.9789	-0.0744	22.4051	5.5579	0.0247	0.2481
   90	0.9763	-0.0763	21.9191	6.1984	0.0310	0.2828
  100	0.9680	-0.0859	21.4722	6.7220	0.0374	0.3131
  110	0.9655	-0.0945	21.0386	7.1084	0.0435	0.3379
  120	0.9609	-0.0995	20.5862	7.4900	0.0500	0.3638
  130	0.9561	-0.1041	20.1509	7.7890	0.0563	0.3865
  140	0.9500	-0.1120	19.7399	8.0021	0.0623	0.4054
  150	0.9456	-0.1146	19.3447	8.2350	0.0687	0.4257
  160	0.9404	-0.1213	18.9325	8.4349	0.0751	0.4455
  170	0.9332	-0.1208	18.4402	8.5866	0.0812	0.4656
  180	0.9265	-0.1248	18.0338	8.7635	0.0878	0.4859
  190	0.9248	-0.1283	17.5462	8.9025	0.0941	0.5074
  200	0.9219	-0.1325	17.0550	9.0512	0.1007	0.5307
  210	0.9157	-0.1348	16.5811	9.1811	0.1073	0.5537
  220	0.9139	-0.1369	16.1210	9.2779	0.1136	0.5755
  230	0.9092	-0.1391	15.7209	9.3608	0.1198	0.5954
  240	0.9037	-0.1398	15.2545	9.4220	0.1258	0.6177
  250	0.8972	-0.1402	14.9217	9.4864	0.1319	0.6357
  260	0.8952	-0.1481	14.5934	9.5114	0.1376	0.6518
  270	0.8890	-0.1404	14.2392	9.5254	0.1431	0.6690
  280	0.8843	-0.1461	13.9122	9.5241	0.1484	0.6846
  290	0.8839	-0.1512	13.6210	9.4959	0.1532	0.6972
  300	0.8765	-0.1506	13.3094	9.4729	0.1581	0.7117
  310	0.8761	-0.1525	13.0307	9.4277	0.1626	0.7235
  320	0.8743	-0.1535	12.7195	9.3901	0.1672	0.7382
  330	0.8686	-0.1535	12.4496	9.3408	0.1715	0.7503
  340	0.8681	-0.1561	12.1879	9.2770	0.1755	0.7612
  350	0.8649	-0.1537	11.9393	9.2272	0.1797	0.7728
  360	0.8615	-0.1567	11.7118	9.1883	0.1840	0.7845
  370	0.8593	-0.1579	11.4814	9.1457	0.1883	0.7966
  380	0.8565	-0.1568	11.2624	9.1335	0.1931	0.8110
  390	0.8542	-0.1569	11.0543	9.1212	0.1979	0.8251
  400	0.8497	-0.1597	10.8579	9.1132	0.2028	0.8393
  410	0.8451	-0.1631	10.6826	9.0894	0.2073	0.8509
  420	0.8417	-0.1614	10.4659	9.0725	0.2120	0.8669
  430	0.8376	-0.1619	10.3132	9.0378	0.2162	0.8763
  440	0.8370	-0.1631	10.1520	8.9928	0.2201	0.8858
  450	0.8313	-0.1635	9.9780	8.9402	0.2238	0.8960
  460	0.8317	-0.1665	9.8090	8.8447	0.2263	0.9017
  470	0.8302	-0.1661	9.6359	8.7429	0.2286	0.9073
  480	0.8294	-0.1660	9.4635	8.6509	0.2310	0.9141
  490	0.8288	-0.1651	9.2975	8.5290	0.2325	0.9173
  500	0.8278	-0.1626	9.1231	8.4022	0.2337	0.9210
  510	0.8270	-0.1675	8.9623	8.2797	0.2349	0.9238
  520	0.8277	-0.1657	8.7927	8.1577	0.2360	0.9278
  530	0.8243	-0.1650	8.6215	8.0336	0.2369	0.9318
  540	0.8244	-0.1674	8.4646	7.9220	0.2380	0.9359
  550	0.8227	-0.1673	8.3260	7.8166	0.2392	0.9388
  560	0.8220	-0.1682	8.1944	7.7268	0.2407	0.9429
  570	0.8217	-0.1683	8.0593	7.6540	0.2427	0.9497
  580	0.8197	-0.1692	7.9430	7.5923	0.2450	0.9559
  590	0.8155	-0.1680	7.8363	7.5352	0.2473	0.9616
  600	0.8140	-0.1685	7.7410	7.4953	0.2502	0.9683
  610	0.8149	-0.1692	7.6551	7.4486	0.2528	0.9730
  620	0.8148	-0.1689	7.5693	7.4108	0.2556	0.9791
  630	0.8092	-0.1685	7.4878	7.3730	0.2584	0.9847
  640	0.8084	-0.1706	7.3992	7.3343	0.2611	0.9912
  650	0.8085	-0.1732	7.3172	7.2833	0.2634	0.9954
  660	0.8047	-0.1737	7.2538	7.2229	0.2652	0.9957
  670	0.8016	-0.1741	7.1765	7.1591	0.2668	0.9976
  680	0.8018	-0.1751	7.1076	7.0938	0.2684	0.9981
  690	0.7989	-0.1753	7.0391	7.0159	0.2693	0.9967
  700	0.8007	-0.1762	6.9716	6.9388	0.2702	0.9953
  710	0.8006	-0.1768	6.9040	6.8566	0.2708	0.9931
  720	0.7993	-0.1772	6.8336	6.7781	0.2715	0.9919
  730	0.7990	-0.1783	6.7698	6.7096	0.2725	0.9911
  740	0.7995	-0.1782	6.7033	6.6480	0.2737	0.9917
  750	0.7989	-0.1784	6.6377	6.5853	0.2748	0.9921
  760	0.7986	-0.1788	6.5760	6.5198	0.2757	0.9915
  770	0.7969	-0.1809	6.5127	6.4633	0.2769	0.9924
  780	0.7943	-0.1834	6.4567	6.4159	0.2784	0.9937
  790	0.7914	-0.1810	6.4104	6.3610	0.2796	0.9923
  800	0.7914	-0.1823	6.3677	6.3118	0.2809	0.9912
  810	0.7900	-0.1844	6.3234	6.2712	0.2826	0.9917
  820	0.7882	-0.1851	6.2790	6.2243	0.2839	0.9913
  830	0.7868	-0.1870	6.2331	6.1723	0.2850	0.9902
  840	0.7871	-0.1856	6.1869	6.1223	0.2861	0.9896
  850	0.7860	-0.1879	6.1422	6.0662	0.2868	0.9876
  860	0.7871	-0.1881	6.0961	6.0130	0.2877	0.9864
  870	0.7877	-0.1874	6.0545	5.9608	0.2885	0.9845
  880	0.7865	-0.1898	6.0132	5.9027	0.2890	0.9816
  890	0.7856	-0.1908	5.9671	5.8426	0.2893	0.9791
  900	0.7838	-0.1902	5.9260	5.7854	0.2897	0.9763
  910	0.7834	-0.1928	5.8859	5.7297	0.2901	0.9735
  920	0.7823	-0.1920	5.8481	5.6706	0.2902	0.9697
  930	0.7814	-0.1924	5.8089	5.6324	0.2914	0.9696
  940	0.7811	-0.1943	5.7645	5.5968	0.2927	0.9709
  950	0.7790	-0.1957	5.7289	5.5568	0.2937	0.9700
  960	0.7770	-0.1964	5.6981	5.5284	0.2953	0.9702
  970	0.7776	-0.1978	5.6689	5.5031	0.2970	0.9708
  980	0.7776	-0.1978	5.6459	5.4770	0.2986	0.9701
  990	0.7771	-0.1979	5.6195	5.4546	0.3004	0.9706
 1000	0.7756	-0.1991	5.6016	5.4307	0.3021	0.9695
 1010	0.7742	-0.1981	5.5773	5.4017	0.3035	0.9685
 1020	0.7711	-0.2004	5.5524	5.3691	0.3047	0.9670
 1030	0.7698	-0.2022	5.5365	5.3289	0.3053	0.9625
 1040	0.7689	-0.2021	5.5133	5.2861	0.3058	0.9588
 1050	0.7666	-0.2052	5.4894	5.2338	0.3057	0.9534
 1060	0.7656	-0.2067	5.4635	5.1806	0.3055	0.9482
 1070	0.7717	-0.2091	5.4341	5.1243	0.3050	0.9430
 1080	0.7664	-0.2085	5.4036	5.0705	0.3046	0.9384
 1090	0.7673	-0.2086	5.3746	5.0187	0.3043	0.9338
 1100	0.7709	-0.2096	5.3499	4.9729	0.3043	0.9295
 1110	0.7696	-0.2092	5.3195	4.9296	0.3044	0.9267
 1120	0.7707	-0.2091	5.2930	4.8863	0.3045	0.9232
 1130	0.7718	-0.2117	5.2622	4.8493	0.3048	0.9215
 1140	0.7694	-0.2112	5.2342	4.8145	0.3053	0.9198
 1150	0.7671	-0.2137	5.2079	4.7846	0.3061	0.9187
 1160	0.7648	-0.2128	5.1821	4.7569	0.3070	0.9179
 1170	0.7622	-0.2121	5.1652	4.7323	0.3080	0.9162
 1180	0.7613	-0.2167	5.1463	4.7039	0.3088	0.9140
 1190	0.7587	-0.2157	5.1280	4.6791	0.3098	0.9125
 1200	0.7608	-0.2193	5.1148	4.6515	0.3105	0.9094
 1210	0.7593	-0.2185	5.0988	4.6192	0.3109	0.9059
 1220	0.7613	-0.2212	5.0803	4.5845	0.3112	0.9024
 1230	0.7615	-0.2204	5.0606	4.5575	0.3119	0.9006
 1240	0.7623	-0.2201	5.0412	4.5212	0.3119	0.8969
 1250	0.7611	-0.2236	5.0187	4.4802	0.3116	0.8927
 1260	0.7613	-0.2212	4.9980	4.4423	0.3114	0.8888
 1270	0.7602	-0.2246	4.9768	4.4032	0.3111	0.8848
 1280	0.7583	-0.2234	4.9570	4.3662	0.3109	0.8808
 1290	0.7577	-0.2251	4.9380	4.3369	0.3112	0.8783
 1300	0.7563	-0.2255	4.9196	4.3094	0.3117	0.8760
 1310	0.7561	-0.2262	4.8992	4.2843	0.3122	0.8745
 1320	0.7542	-0.2291	4.8791	4.2587	0.3127	0.8728
 1330	0.7560	-0.2297	4.8656	4.2342	0.3133	0.8702
 1340	0.7539	-0.2301	4.8460	4.2133	0.3141	0.8694
 1350	0.7545	-0.2316	4.8347	4.1886	0.3146	0.8663
 1360	0.7553	-0.2326	4.8217	4.1721	0.3157	0.8653
 1370	0.7533	-0.2318	4.8104	4.1511	0.3164	0.8629
 1380	0.7526	-0.2322	4.7973	4.1363	0.3175	0.8622
 1390	0.7509	-0.2344	4.7874	4.1156	0.3183	0.8597
 1400	0.7509	-0.2336	4.7839	4.0958	0.3190	0.8562
 1410	0.7496	-0.2365	4.7732	4.0758	0.3197	0.8539
 1420	0.7481	-0.2374	4.7645	4.0541	0.3203	0.8509
 1430	0.7473	-0.2378	4.7548	4.0285	0.3205	0.8472
 1440	0.7446	-0.2407	4.7439	4.0005	0.3205	0.8433
 1450	0.7438	-0.2413	4.7301	3.9724	0.3204	0.8398
 1460	0.7432	-0.2437	4.7163	3.9397	0.3200	0.8353
 1470	0.7456	-0.2438	4.7038	3.9101	0.3198	0.8313
 1480	0.7458	-0.2456	4.6873	3.8811	0.3195	0.8280
 1490	0.7474	-0.2430	4.6737	3.8570	0.3197	0.8253
 1500	0.7489	-0.2464	4.6582	3.8306	0.3196	0.8223
 1510	0.7465	-0.2465	4.6413	3.8086	0.3199	0.8206
 1520	0.7476	-0.2464	4.6251	3.7888	0.3204	0.8192
 1530	0.7431	-0.2452	4.6112	3.7711	0.3210	0.8178
 1540	0.7445	-0.2467	4.6008	3.7508	0.3213	0.8153
 1550	0.7417	-0.2506	4.5913	3.7299	0.3216	0.8124
 1560	0.7392	-0.2506	4.5849	3.7099	0.3220	0.8091
 1570	0.7374	-0.2497	4.5762	3.6924	0.3225	0.8069
 1580	0.7376	-0.2546	4.5679	3.6758	0.3231	0.8047
 1590	0.7368	-0.2549	4.5627	3.6599	0.3237	0.8021
 1600	0.7364	-0.2551	4.5556	3.6462	0.3245	0.8004
 1610	0.7395	-0.2569	4.5504	3.6295	0.3251	0.7976
 1620	0.7390	-0.2578	4.5411	3.6141	0.3257	0.7959
 1630	0.7384	-0.2574	4.5343	3.6021	0.3266	0.7944
 1640	0.7362	-0.2600	4.5235	3.5881	0.3274	0.7932
 1650	0.7366	-0.2601	4.5176	3.5766	0.3283	0.7917
 1660	0.7338	-0.2593	4.5096	3.5653	0.3292	0.7906
 1670	0.7328	-0.2602	4.4995	3.5558	0.3303	0.7902
 1680	0.7284	-0.2596	4.4916	3.5473	0.3315	0.7898
 1690	0.7279	-0.2615	4.4831	3.5350	0.3323	0.7885
 1700	0.7261	-0.2648	4.4773	3.5272	0.3336	0.7878
 1710	0.7255	-0.2667	4.4700	3.5203	0.3349	0.7875
 1720	0.7247	-0.2671	4.4625	3.5113	0.3360	0.7868
 1730	0.7249	-0.2676	4.4601	3.4980	0.3367	0.7843
 1740	0.7265	-0.2691	4.4546	3.4833	0.3372	0.7820
 1750	0.7250	-0.2688	4.4506	3.4646	0.3373	0.7785
 1760	0.7270	-0.2715	4.4479	3.4425	0.3371	0.7740
 1770	0.7263	-0.2705	4.4468	3.4183	0.3366	0.7687
 1780	0.7234	-0.2724	4.4446	3.3891	0.3356	0.7625
 1790	0.7243	-0.2730	4.4441	3.3600	0.3346	0.7561
 1800	0.7211	-0.2743	4.4408	3.3262	0.3331	0.7490
 1810	0.7229	-0.2777	4.4342	3.2940	0.3317	0.7429
 1820	0.7208	-0.2782	4.4267	3.2597	0.3300	0.7364
 1830	0.7220	-0.2825	4.4163	3.2260	0.3284	0.7305
 1840	0.7246	-0.2828	4.4079	3.1925	0.3268	0.7243
 1850	0.7252	-0.2838	4.3989	3.1601	0.3252	0.7184
 1860	0.7256	-0.2857	4.3870	3.1326	0.3241	0.7141
 1870	0.7270	-0.2850	4.3716	3.1109	0.3236	0.7116
 1880	0.7276	-0.2859	4.3543	3.0923	0.3234	0.7102
 1890	0.7283	-0.2851	4.3380	3.0783	0.3237	0.7096
 1900	0.7278	-0.2852	4.3235	3.0694	0.3244	0.7099
 1910	0.7241	-0.2841	4.3127	3.0637	0.3255	0.7104
 1920	0.7220	-0.2854	4.3021	3.0638	0.3272	0.7122
 1930	0.7220	-0.2858	4.2958	3.0660	0.3292	0.7137
 1940	0.7169	-0.2862	4.2913	3.0710	0.3314	0.7156
 1950	0.7151	-0.2895	4.2886	3.0738	0.3334	0.7167
 1960	0.7123	-0.2897	4.2889	3.0756	0.3354	0.7171
 1970	0.7108	-0.2914	4.2899	3.0793	0.3375	0.7178
 1980	0.7123	-0.2915	4.2937	3.0747	0.3387	0.7161
 1990	0.7098	-0.2939	4.2959	3.0705	0.3399	0.7148
 2000	0.7117	-0.2963	4.2974	3.0634	0.3408	0.7129
 2010	0.7107	-0.2983	4.2984	3.0518	0.3412	0.7100
 2020	0.7093	-0.2982	4.2964	3.0347	0.3410	0.7063
 2030	0.7098	-0.2974	4.2935	3.0159	0.3406	0.7024
 2040	0.7084	-0.2974	4.2876	2.9948	0.3399	0.6985
 2050	0.7085	-0.2988	4.2814	2.9725	0.3390	0.6943
 2060	0.7063	-0.3008	4.2736	2.9535	0.3385	0.6911
 2070	0.7060	-0.3020	4.2636	2.9320	0.3376	0.6877
 2080	0.7069	-0.3040	4.2544	2.9114	0.3369	0.6843
 2090	0.7034	-0.3055	4.2464	2.8952	0.3366	0.6818
 2100	0.7086	-0.3065	4.2404	2.8783	0.3363	0.6788
 2110	0.7078	-0.3075	4.2319	2.8614	0.3359	0.6762
 2120	0.7068	-0.3068	4.2238	2.8459	0.3356	0.6738
 2130	0.7100	-0.3092	4.2163	2.8282	0.3351	0.6708
 2140	0.7066	-0.3099	4.2113	2.8118	0.3347	0.6677
 2150	0.7059	-0.3090	4.2068	2.7943	0.3342	0.6642
 2160	0.7048	-0.3097	4.2021	2.7787	0.3339	0.6613
 2170	0.7051	-0.3113	4.1950	2.7657	0.3339	0.6593
 2180	0.7029	-0.3120	4.1870	2.7531	0.3339	0.6575
 2190	0.7024	-0.3131	4.1804	2.7412	0.3340	0.6557
 2200	0.7028	-0.3161	4.1737	2.7309	0.3342	0.6543
 2210	0.7001	-0.3169	4.1680	2.7227	0.3347	0.6532
 2220	0.7019	-0.3159	4.1611	2.7170	0.3356	0.6530
 2230	0.7012	-0.3179	4.1550	2.7141	0.3367	0.6532
 2240	0.7000	-0.3178	4.1489	2.7147	0.3383	0.6543
 2250	0.6977	-0.3194	4.1419	2.7133	0.3396	0.6551
 2260	0.6987	-0.3196	4.1364	2.7181	0.3417	0.6571
 2270	0.6950	-0.3179	4.1322	2.7260	0.3442	0.6597
 2280	0.6938	-0.3187	4.1289	2.7312	0.3464	0.6615
 2290	0.6919	-0.3184	4.1275	2.7404	0.3491	0.6639
 2300	0.6886	-0.3197	4.1264	2.7443	0.3511	0.6651
 2310	0.6869	-0.3212	4.1276	2.7473	0.3531	0.6656
 2320	0.6835	-0.3215	4.1309	2.7468	0.3545	0.6650
 2330	0.6812	-0.3228	4.1345	2.7474	0.3561	0.6645
 2340	0.6808	-0.3258	4.1401	2.7417	0.3569	0.6622
 2350	0.6799	-0.3269	4.1448	2.7321	0.3572	0.6592
 2360	0.6809	-0.3296	4.1484	2.7221	0.3574	0.6562
 2370	0.6810	-0.3305	4.1509	2.7067	0.3569	0.6521
 2380	0.6807	-0.3322	4.1532	2.6895	0.3561	0.6476
 2390	0.6812	-0.3331	4.1537	2.6719	0.3553	0.6432
 2400	0.6823	-0.3355	4.1553	2.6488	0.3537	0.6374
 2410	0.6821	-0.3360	4.1527	2.6241	0.3518	0.6319
 2420	0.6787	-0.3372	4.1478	2.6013	0.3502	0.6272
 2430	0.6796	-0.3372	4.1414	2.5761	0.3483	0.6220
 2440	0.6774	-0.3378	4.1329	2.5551	0.3468	0.6182
 2450	0.6806	-0.3405	4.1265	2.5363	0.3457	0.6146
 2460	0.6801	-0.3412	4.1181	2.5201	0.3449	0.6120
 2470	0.6817	-0.3439	4.1089	2.5073	0.3445	0.6102
 2480	0.6792	-0.3426	4.1007	2.4969	0.3445	0.6089
 2490	0.6803	-0.3461	4.0945	2.4887	0.3447	0.6078
 2500	0.6817	-0.3454	4.0881	2.4842	0.3455	0.6077
 2510	0.6798	-0.3451	4.0834	2.4801	0.3463	0.6074
 2520	0.6784	-0.3467	4.0806	2.4793	0.3476	0.6076
 2530	0.6772	-0.3451	4.0782	2.4799	0.3490	0.6081
 2540	0.6722	-0.3431	4.0766	2.4813	0.3506	0.6087
 2550	0.6715	-0.3473	4.0751	2.4816	0.3520	0.6090
 2560	0.6689	-0.3482	4.0750	2.4836	0.3537	0.6095
 2570	0.6668	-0.3488	4.0746	2.4860	0.3554	0.6101
 2580	0.6674	-0.3508	4.0726	2.4856	0.3568	0.6103
 2590	0.6652	-0.3501	4.0721	2.4863	0.3582	0.6106
 2600	0.6632	-0.3539	4.0722	2.4811	0.3589	0.6093
 2610	0.6628	-0.3542	4.0730	2.4786	0.3599	0.6085
 2620	0.6639	-0.3547	4.0742	2.4723	0.3604	0.6068
 2630	0.6640	-0.3553	4.0755	2.4664	0.3609	0.6052
 2640	0.6630	-0.3568	4.0775	2.4551	0.3606	0.6021
 2650	0.6618	-0.3561	4.0763	2.4435	0.3602	0.5995
 2660	0.6621	-0.3575	4.0758	2.4317	0.3598	0.5966
 2670	0.6595	-0.3601	4.0747	2.4170	0.3590	0.5932
 2680	0.6584	-0.3605	4.0728	2.4029	0.3583	0.5900
 2690	0.6559	-0.3621	4.0709	2.3890	0.3575	0.5868
 2700	0.6570	-0.3632	4.0703	2.3715	0.3562	0.5826
 2710	0.6561	-0.3668	4.0675	2.3574	0.3554	0.5796
 2720	0.6571	-0.3680	4.0633	2.3434	0.3546	0.5767
 2730	0.6595	-0.3691	4.0590	2.3295	0.3538	0.5739
 2740	0.6581	-0.3687	4.0546	2.3199	0.3536	0.5722
 2750	0.6612	-0.3712	4.0528	2.3095	0.3533	0.5699
 2760	0.6581	-0.3703	4.0476	2.3010	0.3533	0.5685
 2770	0.6588	-0.3707	4.0426	2.2900	0.3529	0.5665
 2780	0.6562	-0.3714	4.0384	2.2833	0.3531	0.5654
 2790	0.6553	-0.3728	4.0343	2.2786	0.3537	0.5648
 2800	0.6532	-0.3717	4.0297	2.2750	0.3544	0.5646
 2810	0.6505	-0.3723	4.0270	2.2705	0.3549	0.5638
 2820	0.6506	-0.3732	4.0239	2.2672	0.3557	0.5634
 2830	0.6482	-0.3755	4.0187	2.2657	0.3567	0.5638
 2840	0.6476	-0.3763	4.0156	2.2650	0.3579	0.5641
 2850	0.6483	-0.3788	4.0110	2.2637	0.3589	0.5644
 2860	0.6465	-0.3788	4.0072	2.2630	0.3601	0.5647
 2870	0.6470	-0.3786	4.0037	2.2626	0.3612	0.5651
 2880	0.6472	-0.3788	3.9988	2.2629	0.3626	0.5659
 2890	0.6447	-0.3774	3.9949	2.2640	0.3640	0.5667
 2900	0.6429	-0.3794	3.9934	2.2640	0.3653	0.5669
 2910	0.6403	-0.3770	3.9922	2.2676	0.3671	0.5680
 2920	0.6423	-0.3800	3.9912	2.2696	0.3687	0.5686
 2930	0.6376	-0.3800	3.9923	2.2719	0.3703	0.5691
 2940	0.6347	-0.3801	3.9941	2.2683	0.3710	0.5679
 2950	0.6321	-0.3814	3.9956	2.2650	0.3717	0.5669
 2960	0.6304	-0.3855	4.0010	2.2581	0.3718	0.5644
 2970	0.6311	-0.3876	4.0073	2.2481	0.3714	0.5610
 2980	0.6313	-0.3876	4.0158	2.2350	0.3705	0.5565
 2990	0.6300	-0.3918	4.0244	2.2189	0.3691	0.5514
 3000	0.6309	-0.3928	4.0343	2.2021	0.3675	0.5458
