; Name : DAK 12 Propanol 10 deg.C 2024-Nov-01 16:45:26
; Date : 2024-Nov-01 16:45:26
; Temperature(C) : 10
; Probe : DAK 12
; Network Analyzer : Hewlett Packard / Agilent Technologies 87XX
; Originally imported from : 
; Notes : 
;
; MHz  ReflR  ReflI  EpsR  EpsI  Sigma  TanD
;
   50	0.9838	-0.0461	22.6782	7.6365	0.0212	0.3367
   60	0.9729	-0.0473	20.8290	8.8108	0.0294	0.4230
   70	0.9672	-0.0486	18.9520	9.5849	0.0373	0.5057
   80	0.9616	-0.0541	17.1435	10.1660	0.0452	0.5930
   90	0.9638	-0.0530	15.4700	10.5487	0.0528	0.6819
  100	0.9570	-0.0550	13.9392	10.6531	0.0593	0.7643
  110	0.9514	-0.0582	12.6244	10.5377	0.0645	0.8347
  120	0.9497	-0.0572	11.4490	10.3172	0.0689	0.9011
  130	0.9469	-0.0563	10.4866	10.0601	0.0728	0.9593
  140	0.9462	-0.0568	9.7175	9.7288	0.0758	1.0012
  150	0.9434	-0.0592	9.1614	9.3886	0.0783	1.0248
  160	0.9426	-0.0601	8.7185	8.9938	0.0801	1.0316
  170	0.9413	-0.0581	8.3553	8.5473	0.0808	1.0230
  180	0.9373	-0.0576	8.1295	8.2068	0.0822	1.0095
  190	0.9391	-0.0567	7.8594	7.9078	0.0836	1.0062
  200	0.9387	-0.0614	7.5662	7.6796	0.0854	1.0150
  210	0.9371	-0.0660	7.3080	7.4900	0.0875	1.0249
  220	0.9373	-0.0654	7.1258	7.2804	0.0891	1.0217
  230	0.9362	-0.0657	7.0229	7.0761	0.0905	1.0076
  240	0.9286	-0.0709	6.8724	6.8630	0.0916	0.9986
  250	0.9281	-0.0678	6.7909	6.7178	0.0934	0.9892
  260	0.9314	-0.0748	6.7136	6.5722	0.0951	0.9789
  270	0.9308	-0.0713	6.5908	6.4170	0.0964	0.9736
  280	0.9274	-0.0766	6.4755	6.2640	0.0976	0.9673
  290	0.9268	-0.0773	6.3776	6.1009	0.0984	0.9566
  300	0.9243	-0.0790	6.2888	5.9353	0.0991	0.9438
  310	0.9251	-0.0778	6.1753	5.7735	0.0996	0.9349
  320	0.9270	-0.0770	6.0448	5.6106	0.0999	0.9282
  330	0.9247	-0.0781	5.9173	5.4572	0.1002	0.9223
  340	0.9259	-0.0818	5.7985	5.2836	0.0999	0.9112
  350	0.9262	-0.0827	5.7188	5.1281	0.0998	0.8967
  360	0.9236	-0.0847	5.6404	4.9866	0.0999	0.8841
  370	0.9243	-0.0857	5.5531	4.8544	0.0999	0.8742
  380	0.9242	-0.0869	5.4837	4.7652	0.1007	0.8690
  390	0.9253	-0.0886	5.4375	4.7039	0.1021	0.8651
  400	0.9231	-0.0906	5.3681	4.6299	0.1030	0.8625
  410	0.9219	-0.0922	5.3440	4.5560	0.1039	0.8525
  420	0.9204	-0.0919	5.3035	4.5017	0.1052	0.8488
  430	0.9187	-0.0923	5.3061	4.4645	0.1068	0.8414
  440	0.9174	-0.0933	5.2865	4.4223	0.1082	0.8365
  450	0.9178	-0.0955	5.2585	4.3797	0.1096	0.8329
  460	0.9151	-0.0978	5.2174	4.3165	0.1105	0.8273
  470	0.9147	-0.1032	5.1805	4.2387	0.1108	0.8182
  480	0.9127	-0.1040	5.1524	4.1669	0.1113	0.8087
  490	0.9135	-0.1044	5.1305	4.0766	0.1111	0.7946
  500	0.9131	-0.1046	5.0963	3.9848	0.1108	0.7819
  510	0.9142	-0.1058	5.0603	3.9023	0.1107	0.7712
  520	0.9173	-0.1096	5.0167	3.8064	0.1101	0.7587
  530	0.9155	-0.1105	4.9720	3.7146	0.1095	0.7471
  540	0.9152	-0.1110	4.9273	3.6296	0.1090	0.7366
  550	0.9155	-0.1093	4.8851	3.5511	0.1087	0.7269
  560	0.9159	-0.1089	4.8461	3.4938	0.1088	0.7209
  570	0.9169	-0.1113	4.8042	3.4484	0.1093	0.7178
  580	0.9145	-0.1153	4.7651	3.4130	0.1101	0.7162
  590	0.9131	-0.1167	4.7367	3.3852	0.1111	0.7147
  600	0.9105	-0.1163	4.7219	3.3571	0.1121	0.7110
  610	0.9096	-0.1179	4.7152	3.3471	0.1136	0.7099
  620	0.9102	-0.1202	4.7158	3.3364	0.1151	0.7075
  630	0.9072	-0.1218	4.7059	3.3259	0.1166	0.7068
  640	0.9073	-0.1248	4.6895	3.3065	0.1177	0.7051
  650	0.9073	-0.1269	4.6759	3.2789	0.1186	0.7012
  660	0.9040	-0.1279	4.6673	3.2400	0.1190	0.6942
  670	0.9047	-0.1289	4.6612	3.1942	0.1191	0.6853
  680	0.9043	-0.1296	4.6459	3.1527	0.1193	0.6786
  690	0.9037	-0.1293	4.6243	3.1042	0.1192	0.6713
  700	0.9080	-0.1303	4.5935	3.0511	0.1188	0.6642
  710	0.9052	-0.1333	4.5624	2.9919	0.1182	0.6558
  720	0.9051	-0.1350	4.5370	2.9316	0.1174	0.6462
  730	0.9051	-0.1346	4.5167	2.8785	0.1169	0.6373
  740	0.9047	-0.1358	4.4871	2.8347	0.1167	0.6317
  750	0.9076	-0.1387	4.4547	2.8003	0.1168	0.6286
  760	0.9053	-0.1399	4.4317	2.7696	0.1171	0.6249
  770	0.9041	-0.1418	4.4151	2.7445	0.1176	0.6216
  780	0.9031	-0.1438	4.4055	2.7304	0.1185	0.6198
  790	0.9019	-0.1423	4.4060	2.7183	0.1195	0.6169
  800	0.9016	-0.1434	4.4129	2.7162	0.1209	0.6155
  810	0.9011	-0.1450	4.4220	2.7258	0.1228	0.6164
  820	0.8999	-0.1467	4.4330	2.7306	0.1246	0.6160
  830	0.8977	-0.1492	4.4426	2.7311	0.1261	0.6147
  840	0.8951	-0.1526	4.4484	2.7215	0.1272	0.6118
  850	0.8925	-0.1549	4.4586	2.7025	0.1278	0.6061
  860	0.8921	-0.1561	4.4626	2.6847	0.1284	0.6016
  870	0.8924	-0.1582	4.4580	2.6577	0.1286	0.5962
  880	0.8933	-0.1629	4.4435	2.6213	0.1283	0.5899
  890	0.8925	-0.1637	4.4277	2.5818	0.1278	0.5831
  900	0.8922	-0.1633	4.4139	2.5362	0.1270	0.5746
  910	0.8924	-0.1644	4.3941	2.5031	0.1267	0.5697
  920	0.8936	-0.1641	4.3723	2.4648	0.1262	0.5637
  930	0.8951	-0.1634	4.3544	2.4390	0.1262	0.5601
  940	0.8972	-0.1639	4.3322	2.4208	0.1266	0.5588
  950	0.8971	-0.1657	4.3119	2.4000	0.1268	0.5566
  960	0.8939	-0.1663	4.2977	2.3899	0.1276	0.5561
  970	0.8910	-0.1685	4.2901	2.3792	0.1284	0.5546
  980	0.8890	-0.1706	4.2891	2.3757	0.1295	0.5539
  990	0.8885	-0.1719	4.2954	2.3807	0.1311	0.5543
 1000	0.8856	-0.1781	4.3010	2.3826	0.1325	0.5540
 1010	0.8841	-0.1784	4.3071	2.3816	0.1338	0.5529
 1020	0.8818	-0.1808	4.3142	2.3749	0.1348	0.5505
 1030	0.8828	-0.1814	4.3235	2.3659	0.1356	0.5472
 1040	0.8820	-0.1815	4.3277	2.3545	0.1362	0.5440
 1050	0.8837	-0.1849	4.3267	2.3377	0.1365	0.5403
 1060	0.8816	-0.1839	4.3211	2.3163	0.1366	0.5360
 1070	0.8871	-0.1839	4.3072	2.2939	0.1365	0.5326
 1080	0.8833	-0.1881	4.2880	2.2668	0.1362	0.5286
 1090	0.8803	-0.1895	4.2693	2.2363	0.1356	0.5238
 1100	0.8835	-0.1888	4.2528	2.2055	0.1350	0.5186
 1110	0.8797	-0.1895	4.2339	2.1779	0.1345	0.5144
 1120	0.8831	-0.1919	4.2179	2.1551	0.1343	0.5109
 1130	0.8834	-0.1931	4.2037	2.1323	0.1340	0.5072
 1140	0.8794	-0.1958	4.1951	2.1103	0.1338	0.5030
 1150	0.8803	-0.1968	4.1929	2.0953	0.1341	0.4997
 1160	0.8790	-0.1978	4.1902	2.0851	0.1346	0.4976
 1170	0.8801	-0.1974	4.1944	2.0793	0.1353	0.4957
 1180	0.8791	-0.1983	4.2014	2.0764	0.1363	0.4942
 1190	0.8791	-0.2017	4.2076	2.0776	0.1375	0.4938
 1200	0.8793	-0.2045	4.2195	2.0756	0.1386	0.4919
 1210	0.8787	-0.2069	4.2271	2.0712	0.1394	0.4900
 1220	0.8747	-0.2079	4.2331	2.0585	0.1397	0.4863
 1230	0.8725	-0.2087	4.2417	2.0479	0.1401	0.4828
 1240	0.8704	-0.2113	4.2429	2.0337	0.1403	0.4793
 1250	0.8705	-0.2156	4.2359	2.0099	0.1398	0.4745
 1260	0.8715	-0.2168	4.2270	1.9816	0.1389	0.4688
 1270	0.8693	-0.2177	4.2153	1.9461	0.1375	0.4617
 1280	0.8708	-0.2178	4.1999	1.9157	0.1364	0.4561
 1290	0.8738	-0.2196	4.1835	1.8894	0.1356	0.4516
 1300	0.8761	-0.2179	4.1655	1.8647	0.1349	0.4477
 1310	0.8784	-0.2182	4.1465	1.8451	0.1345	0.4450
 1320	0.8799	-0.2194	4.1285	1.8285	0.1343	0.4429
 1330	0.8784	-0.2221	4.1147	1.8173	0.1345	0.4417
 1340	0.8762	-0.2198	4.1069	1.8117	0.1351	0.4411
 1350	0.8730	-0.2232	4.1020	1.8062	0.1356	0.4403
 1360	0.8714	-0.2255	4.0998	1.8073	0.1367	0.4408
 1370	0.8693	-0.2266	4.1009	1.8124	0.1381	0.4419
 1380	0.8678	-0.2291	4.1043	1.8189	0.1396	0.4432
 1390	0.8630	-0.2314	4.1122	1.8204	0.1408	0.4427
 1400	0.8608	-0.2327	4.1237	1.8166	0.1415	0.4405
 1410	0.8630	-0.2349	4.1302	1.8128	0.1422	0.4389
 1420	0.8638	-0.2372	4.1385	1.8092	0.1429	0.4371
 1430	0.8643	-0.2377	4.1428	1.7980	0.1430	0.4340
 1440	0.8662	-0.2384	4.1465	1.7831	0.1428	0.4300
 1450	0.8654	-0.2411	4.1428	1.7650	0.1424	0.4261
 1460	0.8659	-0.2420	4.1400	1.7390	0.1412	0.4200
 1470	0.8655	-0.2443	4.1379	1.7165	0.1404	0.4148
 1480	0.8652	-0.2454	4.1322	1.6944	0.1395	0.4100
 1490	0.8612	-0.2467	4.1261	1.6782	0.1391	0.4067
 1500	0.8628	-0.2494	4.1190	1.6630	0.1388	0.4037
 1510	0.8608	-0.2502	4.1132	1.6504	0.1386	0.4012
 1520	0.8604	-0.2526	4.1079	1.6453	0.1391	0.4005
 1530	0.8575	-0.2523	4.1040	1.6438	0.1399	0.4005
 1540	0.8591	-0.2531	4.0984	1.6492	0.1413	0.4024
 1550	0.8607	-0.2564	4.0966	1.6546	0.1427	0.4039
 1560	0.8608	-0.2545	4.0931	1.6614	0.1442	0.4059
 1570	0.8583	-0.2573	4.0900	1.6710	0.1459	0.4085
 1580	0.8574	-0.2574	4.0876	1.6787	0.1476	0.4107
 1590	0.8528	-0.2599	4.0870	1.6835	0.1489	0.4119
 1600	0.8495	-0.2585	4.0890	1.6867	0.1501	0.4125
 1610	0.8514	-0.2618	4.0912	1.6823	0.1507	0.4112
 1620	0.8465	-0.2647	4.0956	1.6744	0.1509	0.4088
 1630	0.8482	-0.2649	4.0976	1.6605	0.1506	0.4052
 1640	0.8443	-0.2699	4.1005	1.6412	0.1497	0.4003
 1650	0.8468	-0.2679	4.1029	1.6186	0.1486	0.3945
 1660	0.8481	-0.2719	4.1047	1.5955	0.1473	0.3887
 1670	0.8476	-0.2743	4.1046	1.5733	0.1462	0.3833
 1680	0.8505	-0.2769	4.1014	1.5530	0.1451	0.3787
 1690	0.8528	-0.2754	4.0969	1.5323	0.1441	0.3740
 1700	0.8542	-0.2815	4.0947	1.5151	0.1433	0.3700
 1710	0.8536	-0.2809	4.0920	1.5055	0.1432	0.3679
 1720	0.8515	-0.2807	4.0945	1.4997	0.1435	0.3663
 1730	0.8501	-0.2824	4.0976	1.5004	0.1444	0.3662
 1740	0.8473	-0.2836	4.1017	1.5068	0.1459	0.3673
 1750	0.8427	-0.2841	4.1076	1.5139	0.1474	0.3686
 1760	0.8411	-0.2866	4.1144	1.5180	0.1486	0.3689
 1770	0.8364	-0.2891	4.1222	1.5237	0.1500	0.3696
 1780	0.8360	-0.2898	4.1268	1.5221	0.1507	0.3688
 1790	0.8381	-0.2930	4.1325	1.5210	0.1515	0.3681
 1800	0.8362	-0.2947	4.1306	1.5135	0.1516	0.3664
 1810	0.8378	-0.2988	4.1270	1.5034	0.1514	0.3643
 1820	0.8375	-0.2997	4.1190	1.4894	0.1508	0.3616
 1830	0.8390	-0.3005	4.1060	1.4692	0.1496	0.3578
 1840	0.8402	-0.2990	4.0904	1.4489	0.1483	0.3542
 1850	0.8411	-0.2998	4.0776	1.4273	0.1469	0.3500
 1860	0.8402	-0.2997	4.0620	1.4130	0.1462	0.3479
 1870	0.8425	-0.3012	4.0454	1.3970	0.1453	0.3453
 1880	0.8405	-0.3022	4.0300	1.3870	0.1451	0.3442
 1890	0.8398	-0.2998	4.0171	1.3779	0.1449	0.3430
 1900	0.8369	-0.3034	4.0080	1.3715	0.1450	0.3422
 1910	0.8364	-0.3025	4.0061	1.3667	0.1452	0.3411
 1920	0.8349	-0.3046	4.0072	1.3671	0.1460	0.3412
 1930	0.8368	-0.3078	4.0104	1.3670	0.1468	0.3409
 1940	0.8344	-0.3112	4.0179	1.3695	0.1478	0.3409
 1950	0.8335	-0.3149	4.0283	1.3719	0.1488	0.3406
 1960	0.8313	-0.3148	4.0420	1.3743	0.1499	0.3400
 1970	0.8303	-0.3169	4.0554	1.3757	0.1508	0.3392
 1980	0.8313	-0.3179	4.0684	1.3725	0.1512	0.3374
 1990	0.8294	-0.3198	4.0807	1.3658	0.1512	0.3347
 2000	0.8297	-0.3229	4.0915	1.3551	0.1508	0.3312
 2010	0.8225	-0.3260	4.0990	1.3398	0.1498	0.3268
 2020	0.8258	-0.3285	4.1052	1.3195	0.1483	0.3214
 2030	0.8210	-0.3274	4.1074	1.3007	0.1469	0.3167
 2040	0.8236	-0.3294	4.1019	1.2815	0.1454	0.3124
 2050	0.8264	-0.3312	4.0963	1.2632	0.1441	0.3084
 2060	0.8278	-0.3365	4.0853	1.2481	0.1430	0.3055
 2070	0.8287	-0.3375	4.0733	1.2347	0.1422	0.3031
 2080	0.8308	-0.3392	4.0612	1.2251	0.1418	0.3017
 2090	0.8290	-0.3379	4.0497	1.2232	0.1422	0.3020
 2100	0.8320	-0.3380	4.0381	1.2263	0.1433	0.3037
 2110	0.8281	-0.3365	4.0243	1.2318	0.1446	0.3061
 2120	0.8256	-0.3356	4.0129	1.2413	0.1464	0.3093
 2130	0.8228	-0.3351	4.0022	1.2515	0.1483	0.3127
 2140	0.8189	-0.3365	3.9947	1.2635	0.1504	0.3163
 2150	0.8150	-0.3356	3.9907	1.2738	0.1524	0.3192
 2160	0.8136	-0.3355	3.9875	1.2863	0.1546	0.3226
 2170	0.8120	-0.3397	3.9838	1.2931	0.1561	0.3246
 2180	0.8097	-0.3427	3.9790	1.2993	0.1576	0.3265
 2190	0.8109	-0.3423	3.9743	1.2980	0.1581	0.3266
 2200	0.8118	-0.3451	3.9715	1.2927	0.1582	0.3255
 2210	0.8110	-0.3464	3.9721	1.2869	0.1582	0.3240
 2220	0.8138	-0.3468	3.9713	1.2797	0.1580	0.3222
 2230	0.8138	-0.3483	3.9695	1.2698	0.1575	0.3199
 2240	0.8126	-0.3489	3.9695	1.2612	0.1572	0.3177
 2250	0.8095	-0.3501	3.9713	1.2511	0.1566	0.3150
 2260	0.8116	-0.3510	3.9761	1.2444	0.1565	0.3130
 2270	0.8067	-0.3521	3.9820	1.2408	0.1567	0.3116
 2280	0.8052	-0.3533	3.9875	1.2378	0.1570	0.3104
 2290	0.8028	-0.3548	3.9942	1.2378	0.1577	0.3099
 2300	0.8021	-0.3598	3.9978	1.2395	0.1586	0.3100
 2310	0.8002	-0.3609	4.0035	1.2418	0.1596	0.3102
 2320	0.7977	-0.3655	4.0106	1.2456	0.1608	0.3106
 2330	0.7983	-0.3673	4.0146	1.2526	0.1624	0.3120
 2340	0.7983	-0.3677	4.0170	1.2566	0.1636	0.3128
 2350	0.7992	-0.3691	4.0178	1.2604	0.1648	0.3137
 2360	0.7954	-0.3698	4.0167	1.2618	0.1657	0.3141
 2370	0.7933	-0.3695	4.0133	1.2588	0.1660	0.3137
 2380	0.7944	-0.3666	4.0091	1.2533	0.1659	0.3126
 2390	0.7923	-0.3668	4.0021	1.2466	0.1658	0.3115
 2400	0.7911	-0.3677	3.9956	1.2358	0.1650	0.3093
 2410	0.7909	-0.3713	3.9866	1.2219	0.1638	0.3065
 2420	0.7875	-0.3732	3.9761	1.2104	0.1629	0.3044
 2430	0.7900	-0.3748	3.9636	1.1970	0.1618	0.3020
 2440	0.7901	-0.3778	3.9514	1.1846	0.1608	0.2998
 2450	0.7942	-0.3768	3.9415	1.1739	0.1600	0.2978
 2460	0.7958	-0.3801	3.9304	1.1670	0.1597	0.2969
 2470	0.7969	-0.3815	3.9209	1.1622	0.1597	0.2964
 2480	0.7951	-0.3785	3.9121	1.1591	0.1599	0.2963
 2490	0.7950	-0.3811	3.9053	1.1593	0.1606	0.2968
 2500	0.7920	-0.3779	3.8997	1.1622	0.1616	0.2980
 2510	0.7895	-0.3776	3.8966	1.1685	0.1632	0.2999
 2520	0.7863	-0.3778	3.8944	1.1755	0.1648	0.3019
 2530	0.7840	-0.3789	3.8918	1.1837	0.1666	0.3042
 2540	0.7802	-0.3772	3.8949	1.1922	0.1685	0.3061
 2550	0.7784	-0.3827	3.9000	1.1982	0.1700	0.3072
 2560	0.7765	-0.3868	3.9065	1.2028	0.1713	0.3079
 2570	0.7753	-0.3885	3.9127	1.2060	0.1724	0.3082
 2580	0.7763	-0.3908	3.9175	1.2055	0.1730	0.3077
 2590	0.7771	-0.3929	3.9219	1.2012	0.1731	0.3063
 2600	0.7759	-0.3961	3.9257	1.1910	0.1723	0.3034
 2610	0.7759	-0.3961	3.9315	1.1795	0.1713	0.3000
 2620	0.7761	-0.3952	3.9348	1.1656	0.1699	0.2962
 2630	0.7753	-0.3973	3.9364	1.1517	0.1685	0.2926
 2640	0.7736	-0.3991	3.9386	1.1349	0.1667	0.2881
 2650	0.7734	-0.3988	3.9363	1.1201	0.1651	0.2846
 2660	0.7735	-0.4012	3.9329	1.1054	0.1636	0.2811
 2670	0.7734	-0.4042	3.9283	1.0922	0.1622	0.2780
 2680	0.7733	-0.4039	3.9239	1.0816	0.1613	0.2756
 2690	0.7721	-0.4085	3.9183	1.0757	0.1610	0.2745
 2700	0.7738	-0.4122	3.9129	1.0692	0.1606	0.2732
 2710	0.7740	-0.4134	3.9050	1.0665	0.1608	0.2731
 2720	0.7751	-0.4141	3.8960	1.0680	0.1616	0.2741
 2730	0.7728	-0.4120	3.8879	1.0690	0.1623	0.2750
 2740	0.7727	-0.4092	3.8796	1.0726	0.1635	0.2765
 2750	0.7726	-0.4103	3.8728	1.0762	0.1646	0.2779
 2760	0.7679	-0.4091	3.8664	1.0817	0.1661	0.2798
 2770	0.7668	-0.4082	3.8610	1.0845	0.1671	0.2809
 2780	0.7634	-0.4080	3.8571	1.0871	0.1681	0.2819
 2790	0.7612	-0.4113	3.8546	1.0889	0.1690	0.2825
 2800	0.7601	-0.4117	3.8532	1.0892	0.1697	0.2827
 2810	0.7601	-0.4131	3.8525	1.0885	0.1702	0.2825
 2820	0.7611	-0.4156	3.8534	1.0862	0.1704	0.2819
 2830	0.7601	-0.4207	3.8541	1.0832	0.1705	0.2811
 2840	0.7573	-0.4232	3.8570	1.0793	0.1705	0.2798
 2850	0.7600	-0.4255	3.8589	1.0745	0.1704	0.2785
 2860	0.7607	-0.4248	3.8598	1.0709	0.1704	0.2775
 2870	0.7571	-0.4232	3.8595	1.0684	0.1706	0.2768
 2880	0.7568	-0.4252	3.8582	1.0678	0.1711	0.2768
 2890	0.7541	-0.4227	3.8567	1.0674	0.1716	0.2768
 2900	0.7537	-0.4236	3.8555	1.0689	0.1725	0.2772
 2910	0.7480	-0.4239	3.8551	1.0727	0.1737	0.2783
 2920	0.7486	-0.4272	3.8537	1.0759	0.1748	0.2792
 2930	0.7475	-0.4268	3.8521	1.0797	0.1760	0.2803
 2940	0.7464	-0.4291	3.8513	1.0802	0.1767	0.2805
 2950	0.7448	-0.4332	3.8498	1.0811	0.1774	0.2808
 2960	0.7441	-0.4328	3.8479	1.0779	0.1775	0.2801
 2970	0.7439	-0.4355	3.8460	1.0725	0.1772	0.2789
 2980	0.7445	-0.4369	3.8463	1.0639	0.1764	0.2766
 2990	0.7437	-0.4372	3.8454	1.0552	0.1755	0.2744
 3000	0.7435	-0.4376	3.8425	1.0429	0.1741	0.2714
