; Name : DAK 12 Propanol 34 deg.C 2024-Oct-18 10:23:20
; Date : 2024-Oct-18 10:23:20
; Temperature(C) : 34
; Probe : DAK 12
; Network Analyzer : Hewlett Packard / Agilent Technologies 87XX
; Originally imported from : 
; Notes : 
;
; MHz  ReflR  ReflI  EpsR  EpsI  Sigma  TanD
;
   50	0.9980	-0.0417	20.1292	0.5746	0.0016	0.0285
   60	0.9978	-0.0489	20.2289	0.9769	0.0033	0.0483
   70	0.9964	-0.0572	20.3065	1.1983	0.0047	0.0590
   80	1.0004	-0.0666	20.2875	1.4246	0.0063	0.0702
   90	0.9904	-0.0756	20.2474	1.5979	0.0080	0.0789
  100	0.9871	-0.0828	20.2221	1.7886	0.0100	0.0884
  110	0.9860	-0.0921	20.2209	2.0621	0.0126	0.1020
  120	0.9836	-0.0979	20.2155	2.3965	0.0160	0.1185
  130	0.9829	-0.1075	20.1687	2.6989	0.0195	0.1338
  140	0.9767	-0.1172	20.0542	2.9431	0.0229	0.1468
  150	0.9718	-0.1245	19.9545	3.1710	0.0265	0.1589
  160	0.9683	-0.1299	19.8651	3.4198	0.0304	0.1722
  170	0.9663	-0.1338	19.8148	3.7215	0.0352	0.1878
  180	0.9616	-0.1376	19.7333	3.9781	0.0398	0.2016
  190	0.9597	-0.1472	19.5936	4.2486	0.0449	0.2168
  200	0.9514	-0.1527	19.4133	4.4723	0.0498	0.2304
  210	0.9476	-0.1627	19.2407	4.6423	0.0542	0.2413
  220	0.9419	-0.1699	19.1189	4.8046	0.0588	0.2513
  230	0.9380	-0.1713	19.0327	4.9674	0.0636	0.2610
  240	0.9352	-0.1758	18.9322	5.1945	0.0694	0.2744
  250	0.9338	-0.1830	18.7821	5.3980	0.0751	0.2874
  260	0.9278	-0.1918	18.6354	5.5807	0.0807	0.2995
  270	0.9182	-0.1974	18.4848	5.7321	0.0861	0.3101
  280	0.9086	-0.2019	18.3840	5.8749	0.0915	0.3196
  290	0.9079	-0.2021	18.2999	6.0595	0.0978	0.3311
  300	0.9062	-0.2033	18.1804	6.2722	0.1047	0.3450
  310	0.9045	-0.2101	18.0018	6.4634	0.1115	0.3590
  320	0.8960	-0.2188	17.7969	6.6116	0.1177	0.3715
  330	0.8886	-0.2235	17.6215	6.7391	0.1237	0.3824
  340	0.8800	-0.2228	17.4878	6.8579	0.1297	0.3922
  350	0.8743	-0.2235	17.3472	6.9938	0.1362	0.4032
  360	0.8731	-0.2256	17.2148	7.1324	0.1428	0.4143
  370	0.8694	-0.2317	17.0217	7.2677	0.1496	0.4270
  380	0.8647	-0.2419	16.7909	7.3833	0.1561	0.4397
  390	0.8561	-0.2457	16.5819	7.4611	0.1619	0.4500
  400	0.8507	-0.2432	16.4150	7.5362	0.1677	0.4591
  410	0.8457	-0.2404	16.2710	7.6325	0.1741	0.4691
  420	0.8458	-0.2415	16.1261	7.7540	0.1812	0.4808
  430	0.8452	-0.2443	15.9488	7.8692	0.1882	0.4934
  440	0.8389	-0.2510	15.7433	7.9447	0.1945	0.5046
  450	0.8262	-0.2549	15.5609	7.9998	0.2003	0.5141
  460	0.8196	-0.2510	15.4170	8.0485	0.2060	0.5220
  470	0.8182	-0.2486	15.2954	8.1230	0.2124	0.5311
  480	0.8165	-0.2531	15.1347	8.2212	0.2195	0.5432
  490	0.8127	-0.2581	14.9428	8.3151	0.2267	0.5565
  500	0.8085	-0.2641	14.7409	8.3938	0.2335	0.5694
  510	0.7988	-0.2692	14.5569	8.4281	0.2391	0.5790
  520	0.7940	-0.2649	14.4014	8.4543	0.2446	0.5870
  530	0.7895	-0.2613	14.2737	8.4965	0.2505	0.5953
  540	0.7909	-0.2585	14.1204	8.5692	0.2574	0.6069
  550	0.7884	-0.2607	13.9399	8.6336	0.2642	0.6193
  560	0.7855	-0.2626	13.7483	8.6713	0.2701	0.6307
  570	0.7772	-0.2673	13.5736	8.6785	0.2752	0.6394
  580	0.7710	-0.2636	13.4322	8.6796	0.2801	0.6462
  590	0.7674	-0.2611	13.3162	8.7018	0.2856	0.6535
  600	0.7664	-0.2621	13.1796	8.7511	0.2921	0.6640
  610	0.7658	-0.2658	13.0028	8.7865	0.2982	0.6757
  620	0.7610	-0.2743	12.8196	8.7979	0.3035	0.6863
  630	0.7529	-0.2739	12.6647	8.7769	0.3076	0.6930
  640	0.7486	-0.2738	12.5311	8.7611	0.3119	0.6992
  650	0.7432	-0.2680	12.4158	8.7593	0.3167	0.7055
  660	0.7459	-0.2680	12.2976	8.7851	0.3226	0.7144
  670	0.7489	-0.2663	12.1434	8.8158	0.3286	0.7260
  680	0.7451	-0.2700	11.9917	8.8389	0.3344	0.7371
  690	0.7367	-0.2688	11.8442	8.8367	0.3392	0.7461
  700	0.7297	-0.2681	11.7274	8.8319	0.3439	0.7531
  710	0.7284	-0.2633	11.6242	8.8407	0.3492	0.7605
  720	0.7278	-0.2614	11.5196	8.8716	0.3553	0.7701
  730	0.7268	-0.2675	11.3756	8.9006	0.3615	0.7824
  740	0.7222	-0.2752	11.2248	8.9022	0.3665	0.7931
  750	0.7138	-0.2771	11.0885	8.8717	0.3702	0.8001
  760	0.7076	-0.2755	10.9699	8.8305	0.3734	0.8050
  770	0.7042	-0.2694	10.8762	8.8030	0.3771	0.8094
  780	0.7096	-0.2680	10.7645	8.7962	0.3817	0.8172
  790	0.7108	-0.2675	10.6444	8.7881	0.3862	0.8256
  800	0.7100	-0.2693	10.5064	8.7743	0.3905	0.8351
  810	0.7056	-0.2692	10.3796	8.7325	0.3935	0.8413
  820	0.7015	-0.2642	10.2641	8.6898	0.3964	0.8466
  830	0.6978	-0.2621	10.1691	8.6650	0.4001	0.8521
  840	0.6995	-0.2601	10.0657	8.6578	0.4046	0.8601
  850	0.7005	-0.2649	9.9490	8.6543	0.4092	0.8699
  860	0.6958	-0.2719	9.8159	8.6304	0.4129	0.8792
  870	0.6866	-0.2754	9.6902	8.5878	0.4156	0.8862
  880	0.6799	-0.2711	9.6032	8.5446	0.4183	0.8898
  890	0.6782	-0.2668	9.5325	8.5160	0.4216	0.8934
  900	0.6813	-0.2658	9.4559	8.5072	0.4259	0.8997
  910	0.6853	-0.2643	9.3616	8.5084	0.4307	0.9089
  920	0.6842	-0.2677	9.2552	8.5006	0.4351	0.9185
  930	0.6808	-0.2662	9.1562	8.4544	0.4374	0.9234
  940	0.6766	-0.2645	9.0704	8.4062	0.4396	0.9268
  950	0.6748	-0.2587	8.9950	8.3675	0.4422	0.9302
  960	0.6755	-0.2583	8.9171	8.3363	0.4452	0.9349
  970	0.6755	-0.2615	8.8236	8.3088	0.4484	0.9417
  980	0.6721	-0.2670	8.7260	8.2665	0.4507	0.9473
  990	0.6666	-0.2712	8.6320	8.2068	0.4520	0.9507
 1000	0.6587	-0.2704	8.5606	8.1456	0.4531	0.9515
 1010	0.6581	-0.2681	8.4996	8.1053	0.4554	0.9536
 1020	0.6640	-0.2624	8.4389	8.0857	0.4588	0.9581
 1030	0.6654	-0.2649	8.3626	8.0743	0.4627	0.9655
 1040	0.6665	-0.2670	8.2749	8.0549	0.4660	0.9734
 1050	0.6648	-0.2681	8.1928	8.0184	0.4684	0.9787
 1060	0.6590	-0.2629	8.1205	7.9764	0.4704	0.9823
 1070	0.6534	-0.2576	8.0686	7.9420	0.4728	0.9843
 1080	0.6575	-0.2571	8.0122	7.9187	0.4758	0.9883
 1090	0.6583	-0.2594	7.9483	7.8962	0.4788	0.9934
 1100	0.6534	-0.2629	7.8747	7.8704	0.4816	0.9995
 1110	0.6484	-0.2681	7.8060	7.8246	0.4832	1.0024
 1120	0.6418	-0.2684	7.7502	7.7723	0.4843	1.0029
 1130	0.6413	-0.2665	7.7101	7.7234	0.4855	1.0017
 1140	0.6436	-0.2659	7.6680	7.6877	0.4876	1.0026
 1150	0.6476	-0.2673	7.6090	7.6635	0.4903	1.0072
 1160	0.6491	-0.2663	7.5366	7.6299	0.4924	1.0124
 1170	0.6474	-0.2684	7.4593	7.5773	0.4932	1.0158
 1180	0.6440	-0.2675	7.4009	7.5192	0.4936	1.0160
 1190	0.6423	-0.2604	7.3507	7.4671	0.4943	1.0158
 1200	0.6437	-0.2573	7.3011	7.4317	0.4961	1.0179
 1210	0.6454	-0.2570	7.2425	7.4089	0.4987	1.0230
 1220	0.6431	-0.2624	7.1796	7.3844	0.5012	1.0285
 1230	0.6380	-0.2662	7.1172	7.3427	0.5024	1.0317
 1240	0.6338	-0.2676	7.0649	7.2978	0.5034	1.0330
 1250	0.6277	-0.2663	7.0245	7.2619	0.5050	1.0338
 1260	0.6304	-0.2642	6.9883	7.2315	0.5069	1.0348
 1270	0.6335	-0.2641	6.9385	7.2127	0.5096	1.0395
 1280	0.6361	-0.2693	6.8752	7.1862	0.5117	1.0452
 1290	0.6351	-0.2712	6.8138	7.1454	0.5128	1.0487
 1300	0.6314	-0.2667	6.7586	7.1043	0.5138	1.0511
 1310	0.6274	-0.2611	6.7113	7.0613	0.5146	1.0521
 1320	0.6302	-0.2571	6.6744	7.0286	0.5161	1.0531
 1330	0.6339	-0.2566	6.6331	7.0048	0.5183	1.0560
 1340	0.6336	-0.2597	6.5795	6.9792	0.5203	1.0607
 1350	0.6291	-0.2628	6.5284	6.9414	0.5213	1.0633
 1360	0.6244	-0.2652	6.4868	6.8914	0.5214	1.0624
 1370	0.6194	-0.2652	6.4607	6.8420	0.5215	1.0590
 1380	0.6188	-0.2639	6.4388	6.8013	0.5221	1.0563
 1390	0.6228	-0.2656	6.4099	6.7654	0.5232	1.0555
 1400	0.6240	-0.2698	6.3693	6.7340	0.5245	1.0573
 1410	0.6242	-0.2746	6.3213	6.6865	0.5245	1.0578
 1420	0.6208	-0.2723	6.2837	6.6352	0.5242	1.0559
 1430	0.6203	-0.2661	6.2560	6.5857	0.5239	1.0527
 1440	0.6246	-0.2637	6.2315	6.5512	0.5248	1.0513
 1450	0.6239	-0.2604	6.2006	6.5304	0.5268	1.0532
 1460	0.6279	-0.2628	6.1623	6.5099	0.5287	1.0564
 1470	0.6244	-0.2661	6.1229	6.4800	0.5299	1.0583
 1480	0.6177	-0.2689	6.0893	6.4432	0.5305	1.0581
 1490	0.6123	-0.2680	6.0669	6.4082	0.5312	1.0563
 1500	0.6098	-0.2666	6.0527	6.3786	0.5323	1.0538
 1510	0.6127	-0.2682	6.0329	6.3535	0.5337	1.0531
 1520	0.6143	-0.2725	6.0074	6.3274	0.5350	1.0533
 1530	0.6123	-0.2777	5.9735	6.2934	0.5357	1.0535
 1540	0.6108	-0.2795	5.9430	6.2481	0.5353	1.0513
 1550	0.6084	-0.2744	5.9206	6.2062	0.5352	1.0482
 1560	0.6125	-0.2692	5.9029	6.1715	0.5356	1.0455
 1570	0.6152	-0.2683	5.8771	6.1489	0.5371	1.0463
 1580	0.6185	-0.2674	5.8421	6.1311	0.5389	1.0495
 1590	0.6165	-0.2710	5.8057	6.1042	0.5399	1.0514
 1600	0.6112	-0.2731	5.7734	6.0746	0.5407	1.0522
 1610	0.6078	-0.2717	5.7483	6.0373	0.5407	1.0503
 1620	0.6042	-0.2712	5.7313	6.0076	0.5414	1.0482
 1630	0.6044	-0.2710	5.7150	5.9848	0.5427	1.0472
 1640	0.6042	-0.2738	5.6884	5.9636	0.5441	1.0484
 1650	0.6024	-0.2804	5.6560	5.9363	0.5449	1.0495
 1660	0.6003	-0.2804	5.6248	5.8982	0.5447	1.0486
 1670	0.5993	-0.2809	5.5973	5.8619	0.5446	1.0473
 1680	0.6009	-0.2757	5.5756	5.8331	0.5452	1.0462
 1690	0.6068	-0.2729	5.5500	5.8128	0.5465	1.0473
 1700	0.6103	-0.2719	5.5155	5.7968	0.5482	1.0510
 1710	0.6107	-0.2748	5.4799	5.7739	0.5493	1.0536
 1720	0.6080	-0.2760	5.4498	5.7450	0.5497	1.0542
 1730	0.6005	-0.2735	5.4278	5.7086	0.5494	1.0517
 1740	0.5982	-0.2717	5.4180	5.6756	0.5494	1.0475
 1750	0.5967	-0.2728	5.4103	5.6475	0.5498	1.0438
 1760	0.5972	-0.2746	5.3964	5.6198	0.5502	1.0414
 1770	0.5965	-0.2799	5.3782	5.5906	0.5505	1.0395
 1780	0.5934	-0.2854	5.3616	5.5545	0.5500	1.0360
 1790	0.5916	-0.2858	5.3492	5.5186	0.5495	1.0317
 1800	0.5923	-0.2847	5.3428	5.4893	0.5497	1.0274
 1810	0.5974	-0.2845	5.3327	5.4711	0.5509	1.0260
 1820	0.6023	-0.2822	5.3193	5.4565	0.5525	1.0258
 1830	0.6039	-0.2837	5.2960	5.4410	0.5539	1.0274
 1840	0.6009	-0.2841	5.2732	5.4141	0.5542	1.0267
 1850	0.5970	-0.2820	5.2577	5.3837	0.5541	1.0240
 1860	0.5919	-0.2803	5.2493	5.3544	0.5540	1.0200
 1870	0.5896	-0.2778	5.2434	5.3288	0.5544	1.0163
 1880	0.5901	-0.2809	5.2321	5.3090	0.5552	1.0147
 1890	0.5877	-0.2858	5.2153	5.2823	0.5554	1.0129
 1900	0.5840	-0.2912	5.2002	5.2524	0.5552	1.0100
 1910	0.5821	-0.2935	5.1843	5.2198	0.5546	1.0068
 1920	0.5832	-0.2916	5.1753	5.1912	0.5545	1.0031
 1930	0.5881	-0.2931	5.1660	5.1715	0.5553	1.0011
 1940	0.5949	-0.2922	5.1476	5.1556	0.5564	1.0016
 1950	0.5982	-0.2930	5.1237	5.1367	0.5572	1.0025
 1960	0.5957	-0.2931	5.0971	5.1083	0.5570	1.0022
 1970	0.5913	-0.2918	5.0741	5.0789	0.5566	1.0009
 1980	0.5861	-0.2865	5.0590	5.0517	0.5564	0.9986
 1990	0.5855	-0.2840	5.0452	5.0281	0.5566	0.9966
 2000	0.5843	-0.2851	5.0329	5.0111	0.5575	0.9957
 2010	0.5820	-0.2871	5.0181	4.9950	0.5585	0.9954
 2020	0.5793	-0.2937	5.0018	4.9745	0.5590	0.9945
 2030	0.5762	-0.2959	4.9908	4.9510	0.5591	0.9920
 2040	0.5778	-0.2965	4.9861	4.9306	0.5596	0.9889
 2050	0.5797	-0.2989	4.9819	4.9168	0.5607	0.9869
 2060	0.5856	-0.2988	4.9731	4.9042	0.5620	0.9861
 2070	0.5879	-0.3018	4.9550	4.8873	0.5628	0.9863
 2080	0.5858	-0.3023	4.9360	4.8620	0.5626	0.9850
 2090	0.5829	-0.2989	4.9152	4.8302	0.5616	0.9827
 2100	0.5796	-0.2945	4.9004	4.8004	0.5608	0.9796
 2110	0.5804	-0.2910	4.8890	4.7765	0.5607	0.9770
 2120	0.5785	-0.2911	4.8757	4.7549	0.5608	0.9752
 2130	0.5761	-0.2931	4.8602	4.7361	0.5612	0.9745
 2140	0.5765	-0.2959	4.8432	4.7145	0.5613	0.9734
 2150	0.5715	-0.3009	4.8320	4.6910	0.5611	0.9708
 2160	0.5708	-0.3023	4.8275	4.6712	0.5613	0.9676
 2170	0.5739	-0.3037	4.8272	4.6565	0.5621	0.9646
 2180	0.5778	-0.3051	4.8228	4.6466	0.5635	0.9635
 2190	0.5812	-0.3090	4.8148	4.6349	0.5647	0.9626
 2200	0.5791	-0.3092	4.8065	4.6190	0.5653	0.9610
 2210	0.5752	-0.3098	4.7983	4.5995	0.5655	0.9586
 2220	0.5728	-0.3051	4.7953	4.5820	0.5659	0.9555
 2230	0.5699	-0.3017	4.7933	4.5650	0.5663	0.9524
 2240	0.5705	-0.2998	4.7845	4.5516	0.5672	0.9513
 2250	0.5681	-0.3008	4.7734	4.5389	0.5681	0.9509
 2260	0.5646	-0.3035	4.7582	4.5203	0.5683	0.9500
 2270	0.5639	-0.3063	4.7475	4.4979	0.5680	0.9474
 2280	0.5616	-0.3098	4.7398	4.4774	0.5679	0.9446
 2290	0.5631	-0.3092	4.7342	4.4573	0.5678	0.9415
 2300	0.5682	-0.3126	4.7310	4.4432	0.5685	0.9392
 2310	0.5705	-0.3172	4.7212	4.4287	0.5691	0.9380
 2320	0.5703	-0.3189	4.7076	4.4125	0.5695	0.9373
 2330	0.5687	-0.3177	4.6966	4.3913	0.5692	0.9350
 2340	0.5664	-0.3144	4.6886	4.3693	0.5688	0.9319
 2350	0.5660	-0.3105	4.6833	4.3508	0.5688	0.9290
 2360	0.5644	-0.3085	4.6806	4.3384	0.5696	0.9269
 2370	0.5609	-0.3079	4.6704	4.3262	0.5704	0.9263
 2380	0.5599	-0.3132	4.6580	4.3132	0.5711	0.9260
 2390	0.5570	-0.3129	4.6463	4.2937	0.5709	0.9241
 2400	0.5525	-0.3150	4.6403	4.2752	0.5708	0.9213
 2410	0.5543	-0.3146	4.6391	4.2592	0.5710	0.9181
 2420	0.5593	-0.3192	4.6367	4.2441	0.5714	0.9153
 2430	0.5607	-0.3220	4.6312	4.2343	0.5724	0.9143
 2440	0.5627	-0.3258	4.6210	4.2218	0.5731	0.9136
 2450	0.5609	-0.3279	4.6105	4.2055	0.5732	0.9122
 2460	0.5590	-0.3257	4.6024	4.1914	0.5736	0.9107
 2470	0.5559	-0.3193	4.5959	4.1809	0.5745	0.9097
 2480	0.5556	-0.3179	4.5853	4.1714	0.5755	0.9097
 2490	0.5551	-0.3156	4.5738	4.1623	0.5766	0.9100
 2500	0.5549	-0.3176	4.5603	4.1497	0.5771	0.9099
 2510	0.5471	-0.3205	4.5501	4.1358	0.5775	0.9089
 2520	0.5451	-0.3204	4.5436	4.1201	0.5776	0.9068
 2530	0.5435	-0.3187	4.5414	4.1013	0.5772	0.9031
 2540	0.5482	-0.3209	4.5388	4.0878	0.5776	0.9006
 2550	0.5513	-0.3250	4.5363	4.0756	0.5782	0.8984
 2560	0.5515	-0.3310	4.5295	4.0608	0.5783	0.8965
 2570	0.5530	-0.3348	4.5232	4.0418	0.5779	0.8936
 2580	0.5501	-0.3331	4.5209	4.0267	0.5780	0.8907
 2590	0.5497	-0.3324	4.5201	4.0112	0.5780	0.8874
 2600	0.5505	-0.3286	4.5191	4.0005	0.5786	0.8852
 2610	0.5487	-0.3265	4.5119	3.9908	0.5795	0.8845
 2620	0.5436	-0.3282	4.5012	3.9804	0.5802	0.8843
 2630	0.5417	-0.3264	4.4920	3.9655	0.5802	0.8828
 2640	0.5373	-0.3274	4.4844	3.9498	0.5801	0.8808
 2650	0.5375	-0.3273	4.4792	3.9320	0.5797	0.8778
 2660	0.5374	-0.3288	4.4780	3.9204	0.5801	0.8755
 2670	0.5396	-0.3316	4.4717	3.9093	0.5807	0.8742
 2680	0.5431	-0.3365	4.4630	3.8968	0.5810	0.8731
 2690	0.5431	-0.3409	4.4567	3.8796	0.5806	0.8705
 2700	0.5428	-0.3427	4.4564	3.8614	0.5800	0.8665
 2710	0.5423	-0.3411	4.4593	3.8455	0.5797	0.8624
 2720	0.5451	-0.3378	4.4609	3.8322	0.5799	0.8591
 2730	0.5413	-0.3377	4.4600	3.8225	0.5805	0.8571
 2740	0.5396	-0.3381	4.4573	3.8090	0.5806	0.8546
 2750	0.5339	-0.3388	4.4505	3.7932	0.5803	0.8523
 2760	0.5314	-0.3377	4.4472	3.7751	0.5796	0.8489
 2770	0.5300	-0.3377	4.4467	3.7585	0.5792	0.8452
 2780	0.5293	-0.3388	4.4432	3.7419	0.5787	0.8422
 2790	0.5291	-0.3419	4.4396	3.7289	0.5788	0.8399
 2800	0.5345	-0.3453	4.4309	3.7161	0.5788	0.8387
 2810	0.5342	-0.3504	4.4222	3.7032	0.5789	0.8374
 2820	0.5340	-0.3510	4.4154	3.6894	0.5788	0.8356
 2830	0.5363	-0.3495	4.4104	3.6778	0.5790	0.8339
 2840	0.5369	-0.3478	4.4064	3.6716	0.5801	0.8332
 2850	0.5372	-0.3492	4.3991	3.6680	0.5816	0.8338
 2860	0.5347	-0.3480	4.3883	3.6645	0.5830	0.8350
 2870	0.5297	-0.3461	4.3763	3.6585	0.5841	0.8360
 2880	0.5237	-0.3436	4.3669	3.6509	0.5849	0.8360
 2890	0.5201	-0.3428	4.3577	3.6394	0.5851	0.8352
 2900	0.5195	-0.3404	4.3490	3.6283	0.5854	0.8343
 2910	0.5213	-0.3439	4.3398	3.6168	0.5855	0.8334
 2920	0.5213	-0.3476	4.3356	3.6047	0.5856	0.8314
 2930	0.5237	-0.3525	4.3353	3.5903	0.5852	0.8281
 2940	0.5238	-0.3552	4.3377	3.5758	0.5848	0.8243
 2950	0.5260	-0.3544	4.3392	3.5601	0.5843	0.8205
 2960	0.5288	-0.3542	4.3392	3.5510	0.5847	0.8184
 2970	0.5303	-0.3559	4.3362	3.5462	0.5859	0.8178
 2980	0.5288	-0.3561	4.3309	3.5436	0.5875	0.8182
 2990	0.5236	-0.3558	4.3259	3.5416	0.5891	0.8187
 3000	0.5179	-0.3542	4.3218	3.5379	0.5905	0.8186
