; Name : DAK 12 Propanol 21.5 deg.C 2024-Oct-18 15:04:29
; Date : 2024-Oct-18 15:04:29
; Temperature(C) : 21.5
; Probe : DAK 12
; Network Analyzer : Hewlett Packard / Agilent Technologies 87XX
; Originally imported from : 
; Notes : 
;
; MHz  ReflR  ReflI  EpsR  EpsI  Sigma  TanD
;
   50	0.9951	-0.0415	20.1020	2.0008	0.0056	0.0995
   60	0.9918	-0.0510	20.0621	2.5335	0.0085	0.1263
   70	0.9912	-0.0580	20.0163	2.8199	0.0110	0.1409
   80	0.9887	-0.0666	19.9591	3.1707	0.0141	0.1589
   90	0.9878	-0.0734	19.8755	3.4291	0.0172	0.1725
  100	0.9826	-0.0795	19.7998	3.7417	0.0208	0.1890
  110	0.9781	-0.0886	19.6684	4.0119	0.0246	0.2040
  120	0.9744	-0.0957	19.5571	4.3192	0.0288	0.2208
  130	0.9708	-0.1010	19.3640	4.6160	0.0334	0.2384
  140	0.9660	-0.1084	19.1789	4.9368	0.0384	0.2574
  150	0.9630	-0.1134	18.9752	5.2336	0.0437	0.2758
  160	0.9564	-0.1201	18.7228	5.5293	0.0492	0.2953
  170	0.9521	-0.1244	18.4578	5.7884	0.0547	0.3136
  180	0.9467	-0.1313	18.2112	6.0505	0.0606	0.3322
  190	0.9466	-0.1349	17.9512	6.2757	0.0663	0.3496
  200	0.9407	-0.1399	17.7264	6.4928	0.0722	0.3663
  210	0.9335	-0.1438	17.4907	6.6931	0.0782	0.3827
  220	0.9299	-0.1495	17.2134	6.8718	0.0841	0.3992
  230	0.9232	-0.1505	16.9466	7.0285	0.0899	0.4147
  240	0.9218	-0.1540	16.6514	7.1720	0.0958	0.4307
  250	0.9150	-0.1594	16.3688	7.3371	0.1020	0.4482
  260	0.9118	-0.1595	16.1153	7.4886	0.1083	0.4647
  270	0.9052	-0.1684	15.8478	7.6221	0.1145	0.4810
  280	0.9023	-0.1655	15.5803	7.7445	0.1206	0.4971
  290	0.8957	-0.1693	15.3348	7.8557	0.1267	0.5123
  300	0.8936	-0.1710	15.0857	7.9562	0.1328	0.5274
  310	0.8888	-0.1736	14.8539	8.0501	0.1388	0.5420
  320	0.8845	-0.1749	14.6115	8.1301	0.1447	0.5564
  330	0.8782	-0.1782	14.3961	8.1982	0.1505	0.5695
  340	0.8748	-0.1809	14.1589	8.2491	0.1560	0.5826
  350	0.8718	-0.1813	13.9367	8.3115	0.1618	0.5964
  360	0.8673	-0.1835	13.7152	8.3615	0.1675	0.6097
  370	0.8618	-0.1860	13.4985	8.4030	0.1730	0.6225
  380	0.8596	-0.1881	13.2718	8.4325	0.1783	0.6354
  390	0.8573	-0.1885	13.0549	8.4455	0.1832	0.6469
  400	0.8526	-0.1891	12.8523	8.4686	0.1884	0.6589
  410	0.8487	-0.1888	12.6385	8.4728	0.1933	0.6704
  420	0.8453	-0.1899	12.4452	8.4803	0.1981	0.6814
  430	0.8419	-0.1909	12.2152	8.4780	0.2028	0.6941
  440	0.8391	-0.1915	12.0238	8.4800	0.2076	0.7053
  450	0.8354	-0.1933	11.8229	8.4712	0.2121	0.7165
  460	0.8336	-0.1941	11.6313	8.4684	0.2167	0.7281
  470	0.8306	-0.1931	11.4442	8.4646	0.2213	0.7396
  480	0.8270	-0.1965	11.2680	8.4519	0.2257	0.7501
  490	0.8239	-0.1959	11.0945	8.4338	0.2299	0.7602
  500	0.8208	-0.1960	10.9236	8.4136	0.2340	0.7702
  510	0.8193	-0.1966	10.7668	8.3910	0.2381	0.7793
  520	0.8146	-0.1965	10.6138	8.3707	0.2422	0.7887
  530	0.8133	-0.1989	10.4584	8.3386	0.2459	0.7973
  540	0.8108	-0.1978	10.3072	8.3030	0.2494	0.8055
  550	0.8071	-0.1985	10.1609	8.2736	0.2532	0.8143
  560	0.8061	-0.1999	10.0223	8.2422	0.2568	0.8224
  570	0.8039	-0.1978	9.8864	8.2014	0.2601	0.8296
  580	0.8029	-0.1982	9.7559	8.1577	0.2632	0.8362
  590	0.7998	-0.2015	9.6249	8.1152	0.2664	0.8431
  600	0.7978	-0.2015	9.4977	8.0630	0.2691	0.8489
  610	0.7953	-0.2018	9.3723	8.0073	0.2717	0.8544
  620	0.7923	-0.2025	9.2489	7.9564	0.2744	0.8603
  630	0.7925	-0.2024	9.1391	7.9034	0.2770	0.8648
  640	0.7900	-0.2030	9.0190	7.8552	0.2797	0.8710
  650	0.7882	-0.2039	8.9079	7.8091	0.2824	0.8766
  660	0.7875	-0.2046	8.7995	7.7574	0.2848	0.8816
  670	0.7846	-0.2036	8.6947	7.7182	0.2877	0.8877
  680	0.7834	-0.2023	8.5942	7.6695	0.2901	0.8924
  690	0.7828	-0.2038	8.4929	7.6289	0.2928	0.8983
  700	0.7806	-0.2034	8.3944	7.5915	0.2956	0.9044
  710	0.7773	-0.2060	8.2994	7.5447	0.2980	0.9091
  720	0.7767	-0.2057	8.2010	7.5031	0.3005	0.9149
  730	0.7748	-0.2075	8.1111	7.4581	0.3029	0.9195
  740	0.7710	-0.2067	8.0290	7.4150	0.3053	0.9235
  750	0.7714	-0.2063	7.9419	7.3697	0.3075	0.9279
  760	0.7700	-0.2073	7.8526	7.3218	0.3096	0.9324
  770	0.7683	-0.2071	7.7673	7.2754	0.3117	0.9367
  780	0.7678	-0.2084	7.6845	7.2227	0.3134	0.9399
  790	0.7663	-0.2068	7.6056	7.1732	0.3153	0.9431
  800	0.7640	-0.2084	7.5313	7.1240	0.3171	0.9459
  810	0.7651	-0.2088	7.4547	7.0711	0.3186	0.9485
  820	0.7621	-0.2082	7.3794	7.0238	0.3204	0.9518
  830	0.7629	-0.2085	7.3064	6.9747	0.3220	0.9546
  840	0.7609	-0.2100	7.2396	6.9227	0.3235	0.9562
  850	0.7586	-0.2089	7.1783	6.8738	0.3250	0.9576
  860	0.7586	-0.2112	7.1244	6.8221	0.3264	0.9576
  870	0.7564	-0.2120	7.0648	6.7716	0.3277	0.9585
  880	0.7552	-0.2126	7.0112	6.7238	0.3292	0.9590
  890	0.7536	-0.2136	6.9540	6.6782	0.3307	0.9603
  900	0.7524	-0.2151	6.8980	6.6312	0.3320	0.9613
  910	0.7533	-0.2135	6.8411	6.5839	0.3333	0.9624
  920	0.7514	-0.2136	6.7870	6.5404	0.3347	0.9637
  930	0.7511	-0.2148	6.7395	6.4966	0.3361	0.9640
  940	0.7506	-0.2145	6.6861	6.4551	0.3376	0.9654
  950	0.7484	-0.2159	6.6361	6.4143	0.3390	0.9666
  960	0.7490	-0.2158	6.5814	6.3689	0.3401	0.9677
  970	0.7468	-0.2169	6.5264	6.3295	0.3416	0.9698
  980	0.7446	-0.2170	6.4756	6.2817	0.3425	0.9701
  990	0.7440	-0.2165	6.4215	6.2406	0.3437	0.9718
 1000	0.7423	-0.2181	6.3701	6.2002	0.3449	0.9733
 1010	0.7426	-0.2197	6.3243	6.1595	0.3461	0.9739
 1020	0.7413	-0.2187	6.2792	6.1218	0.3474	0.9749
 1030	0.7406	-0.2200	6.2356	6.0833	0.3486	0.9756
 1040	0.7405	-0.2204	6.1968	6.0491	0.3500	0.9762
 1050	0.7383	-0.2209	6.1581	6.0125	0.3512	0.9763
 1060	0.7399	-0.2186	6.1160	5.9749	0.3523	0.9769
 1070	0.7383	-0.2193	6.0798	5.9406	0.3536	0.9771
 1080	0.7364	-0.2227	6.0448	5.9037	0.3547	0.9767
 1090	0.7356	-0.2229	6.0092	5.8674	0.3558	0.9764
 1100	0.7334	-0.2235	5.9770	5.8286	0.3567	0.9752
 1110	0.7329	-0.2241	5.9419	5.7870	0.3574	0.9739
 1120	0.7307	-0.2243	5.9093	5.7488	0.3582	0.9728
 1130	0.7314	-0.2282	5.8743	5.7087	0.3589	0.9718
 1140	0.7309	-0.2254	5.8405	5.6681	0.3595	0.9705
 1150	0.7305	-0.2275	5.8107	5.6255	0.3599	0.9681
 1160	0.7296	-0.2275	5.7776	5.5829	0.3603	0.9663
 1170	0.7301	-0.2278	5.7439	5.5454	0.3609	0.9654
 1180	0.7310	-0.2277	5.7127	5.5079	0.3616	0.9642
 1190	0.7286	-0.2288	5.6811	5.4700	0.3621	0.9628
 1200	0.7287	-0.2295	5.6505	5.4352	0.3628	0.9619
 1210	0.7283	-0.2297	5.6177	5.3991	0.3634	0.9611
 1220	0.7265	-0.2310	5.5908	5.3681	0.3643	0.9602
 1230	0.7252	-0.2316	5.5658	5.3367	0.3652	0.9588
 1240	0.7232	-0.2321	5.5397	5.3048	0.3659	0.9576
 1250	0.7227	-0.2337	5.5146	5.2750	0.3668	0.9565
 1260	0.7221	-0.2343	5.4878	5.2466	0.3678	0.9560
 1270	0.7207	-0.2350	5.4640	5.2171	0.3686	0.9548
 1280	0.7210	-0.2350	5.4410	5.1852	0.3692	0.9530
 1290	0.7197	-0.2359	5.4129	5.1584	0.3702	0.9530
 1300	0.7205	-0.2376	5.3921	5.1314	0.3711	0.9517
 1310	0.7206	-0.2366	5.3689	5.1077	0.3722	0.9514
 1320	0.7190	-0.2371	5.3463	5.0797	0.3730	0.9501
 1330	0.7178	-0.2370	5.3261	5.0524	0.3738	0.9486
 1340	0.7176	-0.2382	5.3074	5.0260	0.3747	0.9470
 1350	0.7160	-0.2399	5.2893	4.9956	0.3752	0.9445
 1360	0.7147	-0.2414	5.2720	4.9648	0.3756	0.9417
 1370	0.7125	-0.2420	5.2532	4.9353	0.3761	0.9395
 1380	0.7119	-0.2419	5.2336	4.9056	0.3766	0.9373
 1390	0.7116	-0.2445	5.2148	4.8762	0.3771	0.9351
 1400	0.7114	-0.2458	5.1963	4.8447	0.3773	0.9323
 1410	0.7103	-0.2449	5.1779	4.8172	0.3779	0.9303
 1420	0.7114	-0.2468	5.1597	4.7870	0.3782	0.9278
 1430	0.7124	-0.2469	5.1440	4.7599	0.3787	0.9253
 1440	0.7121	-0.2467	5.1279	4.7330	0.3792	0.9230
 1450	0.7115	-0.2484	5.1132	4.7058	0.3796	0.9203
 1460	0.7090	-0.2477	5.0960	4.6804	0.3801	0.9184
 1470	0.7091	-0.2484	5.0794	4.6545	0.3806	0.9163
 1480	0.7067	-0.2501	5.0627	4.6312	0.3813	0.9148
 1490	0.7054	-0.2503	5.0454	4.6056	0.3818	0.9128
 1500	0.7043	-0.2526	5.0298	4.5819	0.3823	0.9109
 1510	0.7035	-0.2552	5.0124	4.5558	0.3827	0.9089
 1520	0.7031	-0.2548	4.9951	4.5314	0.3832	0.9072
 1530	0.7030	-0.2555	4.9765	4.5052	0.3835	0.9053
 1540	0.7029	-0.2560	4.9614	4.4791	0.3837	0.9028
 1550	0.7043	-0.2561	4.9470	4.4544	0.3841	0.9004
 1560	0.7023	-0.2558	4.9325	4.4289	0.3844	0.8979
 1570	0.7053	-0.2560	4.9166	4.4002	0.3843	0.8950
 1580	0.7024	-0.2577	4.9020	4.3714	0.3842	0.8918
 1590	0.7028	-0.2571	4.8866	4.3459	0.3844	0.8893
 1600	0.7008	-0.2592	4.8719	4.3208	0.3846	0.8869
 1610	0.6995	-0.2606	4.8570	4.2971	0.3849	0.8847
 1620	0.7000	-0.2623	4.8441	4.2725	0.3851	0.8820
 1630	0.6967	-0.2637	4.8324	4.2501	0.3854	0.8795
 1640	0.6968	-0.2639	4.8206	4.2272	0.3857	0.8769
 1650	0.6951	-0.2655	4.8120	4.2059	0.3861	0.8740
 1660	0.6968	-0.2659	4.8021	4.1855	0.3865	0.8716
 1670	0.6964	-0.2669	4.7899	4.1662	0.3871	0.8698
 1680	0.6975	-0.2661	4.7786	4.1455	0.3874	0.8675
 1690	0.6971	-0.2661	4.7677	4.1260	0.3879	0.8654
 1700	0.6952	-0.2673	4.7551	4.1066	0.3884	0.8636
 1710	0.6940	-0.2696	4.7438	4.0885	0.3889	0.8619
 1720	0.6939	-0.2681	4.7316	4.0680	0.3892	0.8598
 1730	0.6929	-0.2716	4.7213	4.0508	0.3899	0.8580
 1740	0.6906	-0.2718	4.7095	4.0302	0.3901	0.8558
 1750	0.6897	-0.2720	4.6990	4.0089	0.3903	0.8532
 1760	0.6891	-0.2737	4.6880	3.9852	0.3902	0.8501
 1770	0.6882	-0.2752	4.6776	3.9622	0.3902	0.8471
 1780	0.6883	-0.2757	4.6658	3.9459	0.3907	0.8457
 1790	0.6894	-0.2765	4.6537	3.9253	0.3909	0.8435
 1800	0.6884	-0.2776	4.6429	3.9073	0.3913	0.8416
 1810	0.6886	-0.2770	4.6311	3.8879	0.3915	0.8395
 1820	0.6881	-0.2771	4.6207	3.8706	0.3919	0.8377
 1830	0.6890	-0.2779	4.6091	3.8543	0.3924	0.8362
 1840	0.6876	-0.2791	4.6004	3.8402	0.3931	0.8347
 1850	0.6864	-0.2791	4.5949	3.8257	0.3937	0.8326
 1860	0.6847	-0.2813	4.5890	3.8107	0.3943	0.8304
 1870	0.6824	-0.2820	4.5814	3.7952	0.3948	0.8284
 1880	0.6798	-0.2830	4.5774	3.7787	0.3952	0.8255
 1890	0.6784	-0.2851	4.5712	3.7626	0.3956	0.8231
 1900	0.6784	-0.2855	4.5655	3.7475	0.3961	0.8208
 1910	0.6801	-0.2875	4.5597	3.7290	0.3962	0.8178
 1920	0.6804	-0.2895	4.5532	3.7140	0.3967	0.8157
 1930	0.6781	-0.2876	4.5444	3.6991	0.3972	0.8140
 1940	0.6804	-0.2893	4.5360	3.6813	0.3973	0.8116
 1950	0.6794	-0.2893	4.5274	3.6654	0.3976	0.8096
 1960	0.6792	-0.2899	4.5161	3.6467	0.3976	0.8075
 1970	0.6784	-0.2910	4.5056	3.6298	0.3978	0.8056
 1980	0.6771	-0.2910	4.4966	3.6114	0.3978	0.8032
 1990	0.6750	-0.2917	4.4894	3.5957	0.3981	0.8009
 2000	0.6737	-0.2939	4.4815	3.5801	0.3983	0.7989
 2010	0.6722	-0.2942	4.4739	3.5647	0.3986	0.7968
 2020	0.6714	-0.2951	4.4654	3.5513	0.3991	0.7953
 2030	0.6713	-0.2965	4.4586	3.5378	0.3995	0.7935
 2040	0.6724	-0.2978	4.4533	3.5246	0.4000	0.7915
 2050	0.6704	-0.2989	4.4456	3.5127	0.4006	0.7901
 2060	0.6737	-0.3004	4.4391	3.5003	0.4011	0.7885
 2070	0.6711	-0.3004	4.4336	3.4887	0.4017	0.7869
 2080	0.6692	-0.2992	4.4264	3.4793	0.4026	0.7860
 2090	0.6694	-0.3010	4.4218	3.4661	0.4030	0.7839
 2100	0.6670	-0.3015	4.4172	3.4544	0.4036	0.7820
 2110	0.6681	-0.3020	4.4144	3.4427	0.4041	0.7799
 2120	0.6653	-0.3019	4.4117	3.4288	0.4044	0.7772
 2130	0.6641	-0.3041	4.4077	3.4151	0.4047	0.7748
 2140	0.6612	-0.3064	4.4047	3.4016	0.4050	0.7723
 2150	0.6603	-0.3084	4.4018	3.3876	0.4052	0.7696
 2160	0.6609	-0.3091	4.3973	3.3734	0.4054	0.7672
 2170	0.6613	-0.3094	4.3927	3.3594	0.4056	0.7648
 2180	0.6627	-0.3114	4.3877	3.3432	0.4055	0.7620
 2190	0.6625	-0.3137	4.3823	3.3287	0.4055	0.7596
 2200	0.6617	-0.3125	4.3781	3.3165	0.4059	0.7575
 2210	0.6609	-0.3124	4.3730	3.3006	0.4058	0.7548
 2220	0.6608	-0.3137	4.3670	3.2893	0.4062	0.7532
 2230	0.6592	-0.3129	4.3600	3.2790	0.4068	0.7521
 2240	0.6577	-0.3144	4.3549	3.2671	0.4071	0.7502
 2250	0.6566	-0.3146	4.3491	3.2550	0.4074	0.7484
 2260	0.6530	-0.3163	4.3437	3.2420	0.4076	0.7464
 2270	0.6532	-0.3184	4.3386	3.2312	0.4081	0.7448
 2280	0.6532	-0.3192	4.3338	3.2180	0.4082	0.7425
 2290	0.6528	-0.3208	4.3308	3.2063	0.4085	0.7404
 2300	0.6524	-0.3219	4.3266	3.1941	0.4087	0.7383
 2310	0.6531	-0.3230	4.3205	3.1799	0.4086	0.7360
 2320	0.6523	-0.3232	4.3157	3.1680	0.4089	0.7341
 2330	0.6543	-0.3242	4.3099	3.1543	0.4089	0.7319
 2340	0.6527	-0.3236	4.3054	3.1407	0.4088	0.7295
 2350	0.6502	-0.3242	4.3004	3.1279	0.4089	0.7274
 2360	0.6507	-0.3264	4.2954	3.1153	0.4090	0.7253
 2370	0.6499	-0.3267	4.2923	3.1039	0.4092	0.7231
 2380	0.6475	-0.3260	4.2880	3.0934	0.4096	0.7214
 2390	0.6453	-0.3277	4.2847	3.0824	0.4098	0.7194
 2400	0.6454	-0.3291	4.2809	3.0727	0.4102	0.7178
 2410	0.6436	-0.3318	4.2776	3.0639	0.4108	0.7163
 2420	0.6429	-0.3325	4.2740	3.0517	0.4108	0.7140
 2430	0.6453	-0.3330	4.2697	3.0412	0.4111	0.7123
 2440	0.6444	-0.3350	4.2647	3.0314	0.4115	0.7108
 2450	0.6433	-0.3356	4.2601	3.0210	0.4118	0.7091
 2460	0.6452	-0.3360	4.2562	3.0098	0.4119	0.7072
 2470	0.6409	-0.3365	4.2506	3.0002	0.4123	0.7058
 2480	0.6411	-0.3343	4.2457	2.9895	0.4124	0.7041
 2490	0.6408	-0.3353	4.2411	2.9825	0.4131	0.7033
 2500	0.6396	-0.3375	4.2382	2.9732	0.4135	0.7015
 2510	0.6391	-0.3374	4.2355	2.9624	0.4137	0.6994
 2520	0.6357	-0.3398	4.2308	2.9526	0.4139	0.6979
 2530	0.6352	-0.3408	4.2276	2.9440	0.4144	0.6964
 2540	0.6350	-0.3427	4.2243	2.9337	0.4145	0.6945
 2550	0.6340	-0.3439	4.2209	2.9227	0.4146	0.6925
 2560	0.6334	-0.3436	4.2189	2.9137	0.4150	0.6906
 2570	0.6346	-0.3462	4.2150	2.9034	0.4151	0.6888
 2580	0.6337	-0.3467	4.2114	2.8923	0.4151	0.6868
 2590	0.6333	-0.3454	4.2082	2.8841	0.4156	0.6854
 2600	0.6330	-0.3462	4.2043	2.8771	0.4161	0.6843
 2610	0.6322	-0.3486	4.1999	2.8689	0.4166	0.6831
 2620	0.6312	-0.3470	4.1956	2.8632	0.4173	0.6824
 2630	0.6300	-0.3486	4.1900	2.8560	0.4179	0.6816
 2640	0.6265	-0.3476	4.1860	2.8474	0.4182	0.6802
 2650	0.6260	-0.3501	4.1828	2.8391	0.4185	0.6788
 2660	0.6242	-0.3518	4.1787	2.8300	0.4188	0.6772
 2670	0.6244	-0.3521	4.1773	2.8209	0.4190	0.6753
 2680	0.6226	-0.3544	4.1743	2.8123	0.4193	0.6737
 2690	0.6241	-0.3548	4.1724	2.8028	0.4194	0.6718
 2700	0.6246	-0.3556	4.1704	2.7960	0.4200	0.6704
 2710	0.6226	-0.3563	4.1685	2.7902	0.4206	0.6693
 2720	0.6236	-0.3569	4.1658	2.7818	0.4209	0.6678
 2730	0.6231	-0.3589	4.1623	2.7753	0.4215	0.6668
 2740	0.6216	-0.3579	4.1592	2.7690	0.4221	0.6658
 2750	0.6191	-0.3581	4.1579	2.7601	0.4223	0.6638
 2760	0.6181	-0.3594	4.1547	2.7525	0.4226	0.6625
 2770	0.6168	-0.3598	4.1499	2.7434	0.4228	0.6611
 2780	0.6142	-0.3611	4.1469	2.7349	0.4230	0.6595
 2790	0.6136	-0.3622	4.1420	2.7282	0.4234	0.6587
 2800	0.6121	-0.3630	4.1390	2.7179	0.4234	0.6566
 2810	0.6132	-0.3638	4.1348	2.7089	0.4235	0.6552
 2820	0.6141	-0.3664	4.1322	2.7001	0.4236	0.6534
 2830	0.6138	-0.3658	4.1287	2.6925	0.4239	0.6521
 2840	0.6157	-0.3680	4.1264	2.6823	0.4238	0.6500
 2850	0.6140	-0.3682	4.1236	2.6742	0.4240	0.6485
 2860	0.6109	-0.3687	4.1210	2.6669	0.4243	0.6472
 2870	0.6123	-0.3685	4.1207	2.6562	0.4241	0.6446
 2880	0.6107	-0.3680	4.1192	2.6473	0.4242	0.6427
 2890	0.6071	-0.3693	4.1193	2.6393	0.4243	0.6407
 2900	0.6061	-0.3732	4.1187	2.6313	0.4245	0.6389
 2910	0.6034	-0.3716	4.1192	2.6220	0.4245	0.6365
 2920	0.6048	-0.3745	4.1182	2.6154	0.4248	0.6351
 2930	0.6031	-0.3768	4.1183	2.6097	0.4254	0.6337
 2940	0.6027	-0.3754	4.1167	2.6022	0.4256	0.6321
 2950	0.6041	-0.3786	4.1121	2.5968	0.4262	0.6315
 2960	0.6053	-0.3774	4.1066	2.5883	0.4262	0.6303
 2970	0.6036	-0.3804	4.0995	2.5804	0.4263	0.6294
 2980	0.6034	-0.3769	4.0881	2.5724	0.4265	0.6293
 2990	0.6030	-0.3809	4.0747	2.5618	0.4261	0.6287
 3000	0.6014	-0.3782	4.0617	2.5542	0.4263	0.6289
