; Name : DAK 12 Propanol 10 deg.C 2024-Nov-01 16:32:59
; Date : 2024-Nov-01 16:32:59
; Temperature(C) : 10
; Probe : DAK 12
; Network Analyzer : Hewlett Packard / Agilent Technologies 87XX
; Originally imported from : 
; Notes : 
;
; MHz  ReflR  ReflI  EpsR  EpsI  Sigma  TanD
;
   50	0.9880	-0.0506	24.8332	5.3690	0.0149	0.2162
   60	0.9775	-0.0548	23.2310	7.0167	0.0234	0.3020
   70	0.9721	-0.0583	21.7042	8.1439	0.0317	0.3752
   80	0.9670	-0.0632	20.2165	9.1220	0.0406	0.4512
   90	0.9649	-0.0668	18.8007	9.7341	0.0487	0.5178
  100	0.9582	-0.0704	17.5110	10.1602	0.0565	0.5802
  110	0.9522	-0.0736	16.3301	10.3717	0.0635	0.6351
  120	0.9481	-0.0736	15.2750	10.4521	0.0698	0.6843
  130	0.9437	-0.0730	14.3425	10.5034	0.0760	0.7323
  140	0.9405	-0.0762	13.5247	10.4664	0.0815	0.7739
  150	0.9374	-0.0771	12.8512	10.3603	0.0865	0.8062
  160	0.9344	-0.0804	12.2842	10.1926	0.0907	0.8297
  170	0.9303	-0.0795	11.7944	9.9733	0.0943	0.8456
  180	0.9233	-0.0800	11.3581	9.7640	0.0978	0.8596
  190	0.9261	-0.0846	10.9114	9.5980	0.1015	0.8796
  200	0.9236	-0.0823	10.4837	9.4628	0.1053	0.9026
  210	0.9221	-0.0832	10.0962	9.3299	0.1090	0.9241
  220	0.9200	-0.0855	9.7582	9.1514	0.1120	0.9378
  230	0.9153	-0.0873	9.4864	8.9558	0.1146	0.9441
  240	0.9151	-0.0879	9.2397	8.7686	0.1171	0.9490
  250	0.9102	-0.0881	9.0200	8.6105	0.1198	0.9546
  260	0.9110	-0.0900	8.7983	8.4447	0.1221	0.9598
  270	0.9119	-0.0898	8.5486	8.2707	0.1242	0.9675
  280	0.9064	-0.0961	8.3187	8.0921	0.1260	0.9728
  290	0.9044	-0.0954	8.1383	7.9022	0.1275	0.9710
  300	0.9038	-0.0952	7.9664	7.7062	0.1286	0.9673
  310	0.9036	-0.0959	7.8157	7.5215	0.1297	0.9624
  320	0.9034	-0.0971	7.6372	7.3487	0.1308	0.9622
  330	0.9048	-0.0979	7.4851	7.1851	0.1319	0.9599
  340	0.9027	-0.0976	7.3448	6.9903	0.1322	0.9517
  350	0.9025	-0.0988	7.1773	6.8237	0.1329	0.9507
  360	0.8998	-0.1013	7.0413	6.6753	0.1337	0.9480
  370	0.9002	-0.1017	6.9230	6.5358	0.1345	0.9441
  380	0.9016	-0.1022	6.8003	6.4222	0.1358	0.9444
  390	0.8998	-0.1045	6.6765	6.3053	0.1368	0.9444
  400	0.8976	-0.1068	6.5561	6.2152	0.1383	0.9480
  410	0.8963	-0.1084	6.4532	6.1093	0.1393	0.9467
  420	0.8946	-0.1072	6.3521	6.0116	0.1405	0.9464
  430	0.8931	-0.1060	6.2876	5.9351	0.1420	0.9439
  440	0.8922	-0.1064	6.1957	5.8612	0.1435	0.9460
  450	0.8927	-0.1096	6.1061	5.7803	0.1447	0.9466
  460	0.8915	-0.1122	6.0272	5.6834	0.1454	0.9430
  470	0.8912	-0.1109	5.9487	5.5800	0.1459	0.9380
  480	0.8891	-0.1126	5.8818	5.4769	0.1462	0.9312
  490	0.8903	-0.1132	5.8154	5.3808	0.1467	0.9253
  500	0.8906	-0.1137	5.7575	5.2847	0.1470	0.9179
  510	0.8886	-0.1156	5.7094	5.1948	0.1474	0.9099
  520	0.8901	-0.1191	5.6511	5.0953	0.1474	0.9016
  530	0.8885	-0.1195	5.5996	4.9954	0.1473	0.8921
  540	0.8892	-0.1219	5.5606	4.9138	0.1476	0.8837
  550	0.8864	-0.1213	5.5224	4.8331	0.1479	0.8752
  560	0.8870	-0.1235	5.4810	4.7643	0.1484	0.8692
  570	0.8884	-0.1219	5.4278	4.7009	0.1491	0.8661
  580	0.8880	-0.1256	5.3777	4.6376	0.1496	0.8624
  590	0.8846	-0.1262	5.3364	4.5811	0.1504	0.8585
  600	0.8825	-0.1257	5.2992	4.5225	0.1510	0.8534
  610	0.8835	-0.1278	5.2620	4.4682	0.1516	0.8491
  620	0.8842	-0.1266	5.2181	4.4209	0.1525	0.8472
  630	0.8831	-0.1311	5.1770	4.3702	0.1532	0.8442
  640	0.8831	-0.1323	5.1331	4.3182	0.1537	0.8412
  650	0.8819	-0.1331	5.0936	4.2631	0.1542	0.8370
  660	0.8798	-0.1361	5.0652	4.2066	0.1545	0.8305
  670	0.8800	-0.1349	5.0384	4.1458	0.1545	0.8228
  680	0.8811	-0.1355	5.0091	4.0895	0.1547	0.8164
  690	0.8790	-0.1366	4.9843	4.0345	0.1549	0.8095
  700	0.8810	-0.1380	4.9575	3.9833	0.1551	0.8035
  710	0.8787	-0.1402	4.9346	3.9278	0.1551	0.7960
  720	0.8786	-0.1405	4.9072	3.8719	0.1551	0.7890
  730	0.8796	-0.1423	4.8917	3.8302	0.1555	0.7830
  740	0.8774	-0.1441	4.8724	3.7992	0.1564	0.7798
  750	0.8779	-0.1440	4.8517	3.7694	0.1573	0.7769
  760	0.8781	-0.1471	4.8381	3.7357	0.1579	0.7721
  770	0.8748	-0.1501	4.8233	3.7092	0.1589	0.7690
  780	0.8753	-0.1507	4.8218	3.6848	0.1599	0.7642
  790	0.8720	-0.1513	4.8201	3.6619	0.1609	0.7597
  800	0.8715	-0.1523	4.8216	3.6431	0.1621	0.7556
  810	0.8710	-0.1554	4.8236	3.6321	0.1637	0.7530
  820	0.8699	-0.1560	4.8181	3.6128	0.1648	0.7498
  830	0.8692	-0.1574	4.8148	3.5909	0.1658	0.7458
  840	0.8668	-0.1592	4.8144	3.5723	0.1669	0.7420
  850	0.8659	-0.1617	4.8142	3.5477	0.1678	0.7369
  860	0.8648	-0.1636	4.8144	3.5293	0.1689	0.7331
  870	0.8668	-0.1652	4.8113	3.5040	0.1696	0.7283
  880	0.8648	-0.1673	4.8033	3.4764	0.1702	0.7238
  890	0.8635	-0.1695	4.7950	3.4489	0.1708	0.7193
  900	0.8623	-0.1702	4.7845	3.4174	0.1711	0.7143
  910	0.8623	-0.1724	4.7780	3.3874	0.1715	0.7090
  920	0.8604	-0.1721	4.7712	3.3574	0.1718	0.7037
  930	0.8607	-0.1727	4.7583	3.3345	0.1725	0.7008
  940	0.8607	-0.1752	4.7462	3.3125	0.1732	0.6979
  950	0.8609	-0.1776	4.7331	3.2890	0.1738	0.6949
  960	0.8568	-0.1779	4.7230	3.2687	0.1746	0.6921
  970	0.8576	-0.1793	4.7165	3.2476	0.1753	0.6886
  980	0.8580	-0.1800	4.7081	3.2288	0.1760	0.6858
  990	0.8567	-0.1819	4.7036	3.2171	0.1772	0.6840
 1000	0.8566	-0.1840	4.7014	3.2000	0.1780	0.6806
 1010	0.8538	-0.1859	4.6996	3.1797	0.1787	0.6766
 1020	0.8529	-0.1896	4.6916	3.1538	0.1790	0.6722
 1030	0.8518	-0.1885	4.6884	3.1282	0.1792	0.6672
 1040	0.8514	-0.1902	4.6803	3.1042	0.1796	0.6633
 1050	0.8510	-0.1915	4.6690	3.0739	0.1796	0.6584
 1060	0.8502	-0.1925	4.6556	3.0470	0.1797	0.6545
 1070	0.8533	-0.1952	4.6368	3.0208	0.1798	0.6515
 1080	0.8493	-0.1953	4.6194	2.9909	0.1797	0.6475
 1090	0.8508	-0.1970	4.6006	2.9639	0.1797	0.6442
 1100	0.8513	-0.1964	4.5833	2.9355	0.1796	0.6405
 1110	0.8504	-0.1959	4.5619	2.9105	0.1797	0.6380
 1120	0.8518	-0.2010	4.5410	2.8815	0.1795	0.6346
 1130	0.8527	-0.1995	4.5204	2.8553	0.1795	0.6316
 1140	0.8489	-0.2003	4.5054	2.8272	0.1793	0.6275
 1150	0.8481	-0.2023	4.4975	2.8008	0.1792	0.6227
 1160	0.8467	-0.2053	4.4955	2.7767	0.1792	0.6177
 1170	0.8472	-0.2033	4.4928	2.7510	0.1791	0.6123
 1180	0.8480	-0.2081	4.4906	2.7268	0.1790	0.6072
 1190	0.8460	-0.2079	4.4916	2.7018	0.1789	0.6015
 1200	0.8496	-0.2109	4.4921	2.6758	0.1786	0.5957
 1210	0.8475	-0.2123	4.4897	2.6460	0.1781	0.5893
 1220	0.8477	-0.2136	4.4868	2.6145	0.1774	0.5827
 1230	0.8482	-0.2168	4.4812	2.5877	0.1771	0.5775
 1240	0.8466	-0.2164	4.4719	2.5544	0.1762	0.5712
 1250	0.8473	-0.2204	4.4548	2.5210	0.1753	0.5659
 1260	0.8478	-0.2210	4.4374	2.4878	0.1744	0.5607
 1270	0.8474	-0.2216	4.4208	2.4528	0.1733	0.5548
 1280	0.8461	-0.2200	4.3960	2.4273	0.1728	0.5521
 1290	0.8484	-0.2198	4.3780	2.4071	0.1727	0.5498
 1300	0.8477	-0.2213	4.3613	2.3915	0.1730	0.5483
 1310	0.8477	-0.2239	4.3445	2.3785	0.1733	0.5475
 1320	0.8486	-0.2222	4.3239	2.3636	0.1736	0.5466
 1330	0.8476	-0.2253	4.3110	2.3522	0.1740	0.5456
 1340	0.8461	-0.2263	4.2980	2.3429	0.1747	0.5451
 1350	0.8444	-0.2279	4.2918	2.3309	0.1751	0.5431
 1360	0.8451	-0.2280	4.2888	2.3242	0.1758	0.5419
 1370	0.8430	-0.2295	4.2896	2.3146	0.1764	0.5396
 1380	0.8405	-0.2324	4.2941	2.3042	0.1769	0.5366
 1390	0.8389	-0.2349	4.2971	2.2937	0.1774	0.5338
 1400	0.8387	-0.2351	4.3066	2.2779	0.1774	0.5289
 1410	0.8385	-0.2373	4.3133	2.2640	0.1776	0.5249
 1420	0.8403	-0.2391	4.3152	2.2525	0.1779	0.5220
 1430	0.8392	-0.2382	4.3097	2.2413	0.1783	0.5201
 1440	0.8402	-0.2426	4.3081	2.2275	0.1784	0.5171
 1450	0.8370	-0.2447	4.3020	2.2164	0.1788	0.5152
 1460	0.8355	-0.2462	4.2950	2.2032	0.1789	0.5130
 1470	0.8375	-0.2467	4.2864	2.1948	0.1795	0.5120
 1480	0.8351	-0.2468	4.2792	2.1913	0.1804	0.5121
 1490	0.8347	-0.2472	4.2681	2.1942	0.1819	0.5141
 1500	0.8329	-0.2485	4.2571	2.1980	0.1834	0.5163
 1510	0.8305	-0.2488	4.2476	2.2046	0.1852	0.5190
 1520	0.8286	-0.2497	4.2414	2.2143	0.1872	0.5221
 1530	0.8265	-0.2501	4.2376	2.2244	0.1893	0.5249
 1540	0.8255	-0.2486	4.2324	2.2322	0.1912	0.5274
 1550	0.8252	-0.2525	4.2293	2.2392	0.1931	0.5295
 1560	0.8230	-0.2562	4.2273	2.2434	0.1947	0.5307
 1570	0.8205	-0.2568	4.2243	2.2442	0.1960	0.5312
 1580	0.8196	-0.2545	4.2215	2.2447	0.1973	0.5317
 1590	0.8166	-0.2605	4.2248	2.2419	0.1983	0.5306
 1600	0.8159	-0.2581	4.2263	2.2424	0.1996	0.5306
 1610	0.8181	-0.2604	4.2286	2.2399	0.2006	0.5297
 1620	0.8163	-0.2643	4.2274	2.2322	0.2012	0.5280
 1630	0.8157	-0.2654	4.2259	2.2239	0.2017	0.5263
 1640	0.8134	-0.2646	4.2231	2.2133	0.2019	0.5241
 1650	0.8140	-0.2652	4.2209	2.2047	0.2024	0.5223
 1660	0.8119	-0.2672	4.2196	2.1908	0.2023	0.5192
 1670	0.8111	-0.2687	4.2162	2.1788	0.2024	0.5168
 1680	0.8103	-0.2702	4.2091	2.1637	0.2022	0.5141
 1690	0.8114	-0.2702	4.2009	2.1503	0.2022	0.5119
 1700	0.8091	-0.2740	4.1985	2.1372	0.2021	0.5090
 1710	0.8088	-0.2754	4.1964	2.1274	0.2024	0.5070
 1720	0.8091	-0.2764	4.1933	2.1200	0.2028	0.5056
 1730	0.8099	-0.2769	4.1931	2.1137	0.2034	0.5041
 1740	0.8103	-0.2798	4.1969	2.1093	0.2042	0.5026
 1750	0.8083	-0.2791	4.1992	2.1026	0.2047	0.5007
 1760	0.8048	-0.2822	4.2064	2.0919	0.2048	0.4973
 1770	0.8045	-0.2829	4.2155	2.0819	0.2050	0.4939
 1780	0.8043	-0.2846	4.2211	2.0710	0.2051	0.4906
 1790	0.8035	-0.2850	4.2239	2.0598	0.2051	0.4877
 1800	0.7992	-0.2859	4.2235	2.0450	0.2048	0.4842
 1810	0.8014	-0.2922	4.2177	2.0305	0.2045	0.4814
 1820	0.7981	-0.2941	4.2074	2.0156	0.2041	0.4791
 1830	0.8019	-0.2951	4.1925	2.0009	0.2037	0.4772
 1840	0.8018	-0.2946	4.1783	1.9839	0.2031	0.4748
 1850	0.8025	-0.2959	4.1639	1.9700	0.2027	0.4731
 1860	0.8036	-0.2955	4.1486	1.9556	0.2024	0.4714
 1870	0.8050	-0.2948	4.1339	1.9406	0.2019	0.4694
 1880	0.8045	-0.2967	4.1190	1.9283	0.2017	0.4681
 1890	0.8030	-0.2926	4.1119	1.9140	0.2012	0.4655
 1900	0.8018	-0.2941	4.1076	1.9028	0.2011	0.4632
 1910	0.8012	-0.2954	4.1082	1.8904	0.2009	0.4602
 1920	0.8000	-0.2979	4.1118	1.8756	0.2003	0.4561
 1930	0.7984	-0.3015	4.1172	1.8605	0.1998	0.4519
 1940	0.7965	-0.3065	4.1252	1.8478	0.1994	0.4479
 1950	0.7963	-0.3116	4.1360	1.8338	0.1989	0.4434
 1960	0.7973	-0.3129	4.1504	1.8173	0.1982	0.4379
 1970	0.7970	-0.3154	4.1643	1.8033	0.1976	0.4331
 1980	0.7975	-0.3148	4.1750	1.7849	0.1966	0.4275
 1990	0.7990	-0.3205	4.1846	1.7689	0.1958	0.4227
 2000	0.7990	-0.3195	4.1919	1.7524	0.1950	0.4180
 2010	0.7984	-0.3217	4.1936	1.7329	0.1938	0.4132
 2020	0.7986	-0.3233	4.1931	1.7130	0.1925	0.4085
 2030	0.7962	-0.3192	4.1881	1.6958	0.1915	0.4049
 2040	0.7965	-0.3236	4.1769	1.6803	0.1907	0.4023
 2050	0.7942	-0.3251	4.1651	1.6673	0.1902	0.4003
 2060	0.7942	-0.3259	4.1507	1.6560	0.1898	0.3990
 2070	0.7939	-0.3305	4.1356	1.6462	0.1896	0.3981
 2080	0.7950	-0.3312	4.1231	1.6412	0.1899	0.3981
 2090	0.7936	-0.3317	4.1121	1.6400	0.1907	0.3988
 2100	0.7967	-0.3310	4.1037	1.6422	0.1919	0.4002
 2110	0.7957	-0.3299	4.0954	1.6462	0.1932	0.4020
 2120	0.7939	-0.3304	4.0886	1.6539	0.1951	0.4045
 2130	0.7936	-0.3300	4.0829	1.6619	0.1969	0.4071
 2140	0.7899	-0.3299	4.0808	1.6668	0.1984	0.4085
 2150	0.7849	-0.3293	4.0771	1.6736	0.2002	0.4105
 2160	0.7843	-0.3294	4.0737	1.6797	0.2018	0.4123
 2170	0.7817	-0.3334	4.0684	1.6841	0.2033	0.4139
 2180	0.7789	-0.3346	4.0603	1.6872	0.2046	0.4155
 2190	0.7784	-0.3379	4.0567	1.6843	0.2052	0.4152
 2200	0.7756	-0.3393	4.0504	1.6829	0.2060	0.4155
 2210	0.7759	-0.3406	4.0433	1.6789	0.2064	0.4152
 2220	0.7798	-0.3403	4.0375	1.6731	0.2066	0.4144
 2230	0.7801	-0.3410	4.0291	1.6661	0.2067	0.4135
 2240	0.7816	-0.3391	4.0232	1.6590	0.2067	0.4123
 2250	0.7799	-0.3400	4.0170	1.6511	0.2067	0.4110
 2260	0.7803	-0.3416	4.0144	1.6443	0.2067	0.4096
 2270	0.7777	-0.3402	4.0138	1.6405	0.2072	0.4087
 2280	0.7747	-0.3409	4.0131	1.6367	0.2076	0.4078
 2290	0.7744	-0.3436	4.0125	1.6349	0.2083	0.4075
 2300	0.7710	-0.3469	4.0139	1.6315	0.2088	0.4065
 2310	0.7679	-0.3485	4.0156	1.6288	0.2093	0.4056
 2320	0.7657	-0.3512	4.0207	1.6272	0.2100	0.4047
 2330	0.7657	-0.3528	4.0256	1.6275	0.2110	0.4043
 2340	0.7669	-0.3582	4.0315	1.6271	0.2118	0.4036
 2350	0.7660	-0.3580	4.0343	1.6267	0.2127	0.4032
 2360	0.7659	-0.3583	4.0359	1.6249	0.2133	0.4026
 2370	0.7656	-0.3576	4.0363	1.6212	0.2138	0.4017
 2380	0.7665	-0.3555	4.0339	1.6158	0.2139	0.4005
 2390	0.7655	-0.3572	4.0279	1.6105	0.2141	0.3998
 2400	0.7637	-0.3564	4.0235	1.6027	0.2140	0.3983
 2410	0.7630	-0.3601	4.0151	1.5945	0.2138	0.3971
 2420	0.7579	-0.3611	4.0045	1.5866	0.2136	0.3962
 2430	0.7561	-0.3631	3.9931	1.5787	0.2134	0.3954
 2440	0.7557	-0.3627	3.9825	1.5695	0.2130	0.3941
 2450	0.7588	-0.3669	3.9736	1.5640	0.2132	0.3936
 2460	0.7586	-0.3664	3.9644	1.5594	0.2134	0.3933
 2470	0.7602	-0.3674	3.9572	1.5543	0.2136	0.3928
 2480	0.7601	-0.3677	3.9520	1.5479	0.2136	0.3917
 2490	0.7600	-0.3685	3.9508	1.5426	0.2137	0.3904
 2500	0.7621	-0.3663	3.9493	1.5408	0.2143	0.3901
 2510	0.7593	-0.3663	3.9483	1.5384	0.2148	0.3896
 2520	0.7546	-0.3691	3.9502	1.5365	0.2154	0.3890
 2530	0.7547	-0.3700	3.9527	1.5343	0.2159	0.3882
 2540	0.7504	-0.3697	3.9591	1.5313	0.2164	0.3868
 2550	0.7483	-0.3763	3.9664	1.5292	0.2169	0.3855
 2560	0.7457	-0.3777	3.9758	1.5259	0.2173	0.3838
 2570	0.7453	-0.3816	3.9850	1.5238	0.2179	0.3824
 2580	0.7447	-0.3831	3.9925	1.5178	0.2178	0.3802
 2590	0.7460	-0.3864	3.9983	1.5103	0.2176	0.3777
 2600	0.7443	-0.3880	4.0043	1.4977	0.2166	0.3740
 2610	0.7450	-0.3882	4.0069	1.4874	0.2160	0.3712
 2620	0.7459	-0.3884	4.0073	1.4747	0.2149	0.3680
 2630	0.7479	-0.3898	4.0068	1.4621	0.2139	0.3649
 2640	0.7467	-0.3913	4.0038	1.4483	0.2127	0.3617
 2650	0.7446	-0.3915	3.9978	1.4350	0.2115	0.3589
 2660	0.7453	-0.3910	3.9926	1.4242	0.2108	0.3567
 2670	0.7427	-0.3945	3.9866	1.4152	0.2102	0.3550
 2680	0.7417	-0.3951	3.9801	1.4069	0.2098	0.3535
 2690	0.7417	-0.3982	3.9741	1.4026	0.2099	0.3529
 2700	0.7405	-0.3997	3.9695	1.3968	0.2098	0.3519
 2710	0.7404	-0.4008	3.9632	1.3951	0.2103	0.3520
 2720	0.7396	-0.4014	3.9565	1.3945	0.2110	0.3524
 2730	0.7413	-0.4013	3.9510	1.3960	0.2120	0.3533
 2740	0.7393	-0.4002	3.9462	1.3984	0.2132	0.3544
 2750	0.7407	-0.4023	3.9411	1.4010	0.2143	0.3555
 2760	0.7374	-0.4004	3.9359	1.4053	0.2158	0.3571
 2770	0.7364	-0.3991	3.9317	1.4061	0.2167	0.3576
 2780	0.7327	-0.4005	3.9283	1.4069	0.2176	0.3581
 2790	0.7312	-0.4015	3.9259	1.4085	0.2186	0.3588
 2800	0.7293	-0.4031	3.9234	1.4099	0.2196	0.3594
 2810	0.7279	-0.4049	3.9197	1.4084	0.2202	0.3593
 2820	0.7272	-0.4048	3.9189	1.4079	0.2209	0.3592
 2830	0.7255	-0.4086	3.9172	1.4063	0.2214	0.3590
 2840	0.7239	-0.4097	3.9172	1.4023	0.2216	0.3580
 2850	0.7267	-0.4123	3.9159	1.3989	0.2218	0.3572
 2860	0.7257	-0.4127	3.9135	1.3953	0.2220	0.3565
 2870	0.7266	-0.4110	3.9118	1.3915	0.2222	0.3557
 2880	0.7248	-0.4123	3.9086	1.3890	0.2225	0.3554
 2890	0.7225	-0.4117	3.9058	1.3890	0.2233	0.3556
 2900	0.7240	-0.4124	3.9024	1.3874	0.2238	0.3555
 2910	0.7179	-0.4110	3.8993	1.3896	0.2250	0.3564
 2920	0.7191	-0.4143	3.8968	1.3917	0.2261	0.3571
 2930	0.7164	-0.4153	3.8957	1.3942	0.2272	0.3579
 2940	0.7143	-0.4170	3.8941	1.3936	0.2279	0.3579
 2950	0.7118	-0.4188	3.8924	1.3947	0.2289	0.3583
 2960	0.7138	-0.4195	3.8897	1.3922	0.2293	0.3579
 2970	0.7113	-0.4202	3.8869	1.3887	0.2294	0.3573
 2980	0.7106	-0.4200	3.8862	1.3827	0.2292	0.3558
 2990	0.7108	-0.4233	3.8830	1.3749	0.2287	0.3541
 3000	0.7113	-0.4229	3.8800	1.3649	0.2278	0.3518
